table0
0.0 0,0.0 0,0.0 0,0.0 0,0.0 0,0.0 0,0.0 0,0.0 0,0.0 0,0.0 0,0.0 0,0.0 0,0.0 0,0.0 0,0.0 0,0.0 0,0.0 0,0.0 0,0.0 0,0.0 0,0.0 0,0.0 0,0.0 0,0.0 0,0.0 0,0.0 0,0.0 0,0.0 0,0.0 0,0.0 0,0.0 0,0.0 0,0.0 0,0.0 0,0.0 0,0.0 0,0.0 0,0.0 0,0.0 0,0.0 0,
0.0 0,0.0 0,1.1842378929335002e-15 12,0.0 0,61.33333333333332 90,0.0 0,0.0 0,0.0 0,0.0 0,0.0 0,-165.4545454545454 44,0.0 0,0.0 0,0.0 0,0.0 0,0.0 0,0.0 0,0.0 0,0.0 0,0.0 0,0.0 0,0.0 0,0.0 0,0.0 0,0.0 0,0.0 0,0.0 0,0.0 0,0.0 0,0.0 0,0.0 0,0.0 0,0.0 0,0.0 0,0.0 0,0.0 0,0.0 0,0.0 0,0.0 0,0.0 0,
0.0 0,0.0 0,0.0 0,0.0 0,42.553191489361694 282,0.0 0,12.266666666666666 300,0.0 0,0.0 0,0.0 0,0.0 0,0.0 0,-164.2276422764228 246,0.0 0,0.0 0,0.0 0,0.0 0,0.0 0,0.0 0,0.0 0,0.0 0,0.0 0,0.0 0,0.0 0,0.0 0,0.0 0,0.0 0,0.0 0,0.0 0,0.0 0,0.0 0,0.0 0,0.0 0,0.0 0,0.0 0,0.0 0,0.0 0,0.0 0,0.0 0,0.0 0,
0.0 0,0.0 0,0.0 0,0.0 0,0.0 0,0.0 0,0.0 0,0.0 0,0.0 0,0.0 0,0.0 0,0.0 0,0.0 0,0.0 0,0.0 0,0.0 0,0.0 0,0.0 0,0.0 0,0.0 0,0.0 0,0.0 0,0.0 0,0.0 0,0.0 0,0.0 0,0.0 0,0.0 0,0.0 0,0.0 0,0.0 0,0.0 0,0.0 0,0.0 0,0.0 0,0.0 0,0.0 0,0.0 0,0.0 0,0.0 0,
0.0 0,0.0 0,0.0 0,0.0 0,0.0 0,0.0 0,0.0 0,0.0 0,-73.24675324675329 154,0.0 0,-94.03921568627455 1020,0.0 0,0.0 0,0.0 0,0.0 0,0.0 0,-139.9172087522177 3382,0.0 0,0.0 0,0.0 0,0.0 0,0.0 0,0.0 0,0.0 0,0.0 0,0.0 0,0.0 0,0.0 0,0.0 0,0.0 0,0.0 0,0.0 0,0.0 0,0.0 0,0.0 0,0.0 0,0.0 0,0.0 0,0.0 0,0.0 0,
0.0 0,0.0 0,0.0 0,0.0 0,0.0 0,0.0 0,111.42857142857144 14,0.0 0,0.0 0,0.0 0,0.0 0,0.0 0,0.0 0,0.0 0,0.0 0,0.0 0,0.0 0,0.0 0,36.0 10,0.0 0,0.0 0,0.0 0,0.0 0,0.0 0,0.0 0,0.0 0,0.0 0,0.0 0,0.0 0,0.0 0,0.0 0,0.0 0,0.0 0,0.0 0,0.0 0,0.0 0,0.0 0,0.0 0,0.0 0,0.0 0,
0.0 0,0.0 0,0.0 0,0.0 0,93.33333333333333 12,0.0 0,0.0 0,0.0 0,55.23809523809526 84,0.0 0,0.0 0,0.0 0,0.0 0,0.0 0,0.0 0,0.0 0,0.0 0,0.0 0,0.0 0,0.0 0,-12.5 32,0.0 0,0.0 0,0.0 0,0.0 0,0.0 0,0.0 0,0.0 0,0.0 0,0.0 0,0.0 0,0.0 0,0.0 0,0.0 0,0.0 0,0.0 0,0.0 0,0.0 0,0.0 0,0.0 0,
0.0 0,0.0 0,0.0 0,0.0 0,0.0 0,0.0 0,0.0 0,0.0 0,0.0 0,0.0 0,0.0 0,0.0 0,0.0 0,0.0 0,0.0 0,0.0 0,0.0 0,0.0 0,0.0 0,0.0 0,0.0 0,0.0 0,0.0 0,0.0 0,0.0 0,0.0 0,0.0 0,0.0 0,0.0 0,0.0 0,0.0 0,0.0 0,0.0 0,0.0 0,0.0 0,0.0 0,0.0 0,0.0 0,0.0 0,0.0 0,
0.0 0,0.0 0,0.0 0,0.0 0,0.0 0,0.0 0,0.0 0,0.0 0,0.0 0,0.0 0,0.0 0,0.0 0,0.0 0,0.0 0,0.0 0,0.0 0,0.0 0,0.0 0,0.0 0,0.0 0,0.0 0,0.0 0,0.0 0,0.0 0,0.0 0,0.0 0,0.0 0,0.0 0,0.0 0,0.0 0,0.0 0,0.0 0,0.0 0,0.0 0,0.0 0,0.0 0,0.0 0,0.0 0,0.0 0,0.0 0,
0.0 0,0.0 0,0.0 0,0.0 0,0.0 0,0.0 0,0.0 0,0.0 0,0.0 0,0.0 0,260.0 2,0.0 0,0.0 0,0.0 0,0.0 0,0.0 0,0.0 0,0.0 0,0.0 0,0.0 0,0.0 0,0.0 0,0.0 0,0.0 0,0.0 0,0.0 0,-243.75 64,0.0 0,0.0 0,0.0 0,0.0 0,0.0 0,0.0 0,0.0 0,0.0 0,0.0 0,0.0 0,0.0 0,0.0 0,0.0 0,
0.0 0,0.0 0,0.0 0,0.0 0,13.333333333333341 30,0.0 0,0.0 0,0.0 0,80.71428571428575 224,0.0 0,0.0 0,0.0 0,0.0 0,0.0 0,0.0 0,0.0 0,0.0 0,0.0 0,0.0 0,0.0 0,-52.72727272727273 88,0.0 0,0.0 0,0.0 0,0.0 0,0.0 0,0.0 0,0.0 0,0.0 0,0.0 0,0.0 0,0.0 0,0.0 0,0.0 0,0.0 0,0.0 0,0.0 0,0.0 0,0.0 0,0.0 0,
0.0 0,0.0 0,0.0 0,0.0 0,0.0 0,0.0 0,101.63265306122449 98,0.0 0,0.0 0,0.0 0,2.3333333333333344 240,0.0 0,0.0 0,0.0 0,0.0 0,0.0 0,0.0 0,0.0 0,0.0 0,0.0 0,0.0 0,0.0 0,28.63636363636366 176,0.0 0,0.0 0,0.0 0,0.0 0,0.0 0,0.0 0,0.0 0,0.0 0,0.0 0,0.0 0,0.0 0,0.0 0,0.0 0,0.0 0,0.0 0,0.0 0,0.0 0,
0.0 0,0.0 0,0.0 0,0.0 0,0.0 0,0.0 0,0.0 0,0.0 0,0.0 0,0.0 0,0.0 0,0.0 0,0.0 0,0.0 0,0.0 0,0.0 0,0.0 0,0.0 0,0.0 0,0.0 0,0.0 0,0.0 0,0.0 0,0.0 0,0.0 0,0.0 0,0.0 0,0.0 0,0.0 0,0.0 0,0.0 0,0.0 0,0.0 0,0.0 0,0.0 0,0.0 0,0.0 0,0.0 0,0.0 0,0.0 0,
0.0 0,0.0 0,0.0 0,0.0 0,0.0 0,0.0 0,0.0 0,0.0 0,0.0 0,0.0 0,0.0 0,0.0 0,0.0 0,0.0 0,0.0 0,0.0 0,0.0 0,0.0 0,0.0 0,0.0 0,0.0 0,0.0 0,0.0 0,0.0 0,0.0 0,0.0 0,0.0 0,0.0 0,0.0 0,0.0 0,0.0 0,0.0 0,0.0 0,0.0 0,0.0 0,0.0 0,0.0 0,0.0 0,0.0 0,0.0 0,
0.0 0,0.0 0,0.0 0,0.0 0,0.0 0,0.0 0,0.0 0,0.0 0,0.0 0,0.0 0,0.0 0,0.0 0,-240.0 4,0.0 0,0.0 0,0.0 0,-69.09090909090908 22,0.0 0,0.0 0,0.0 0,-164.7761194029851 134,0.0 0,0.0 0,0.0 0,-192.78688524590163 244,0.0 0,0.0 0,0.0 0,0.0 0,0.0 0,0.0 0,0.0 0,0.0 0,0.0 0,0.0 0,0.0 0,0.0 0,0.0 0,0.0 0,0.0 0,
0.0 0,0.0 0,0.0 0,0.0 0,0.0 0,0.0 0,0.0 0,0.0 0,0.0 0,0.0 0,0.0 0,0.0 0,0.0 0,0.0 0,0.0 0,0.0 0,0.0 0,0.0 0,0.0 0,0.0 0,0.0 0,0.0 0,0.0 0,0.0 0,0.0 0,0.0 0,0.0 0,0.0 0,0.0 0,0.0 0,0.0 0,0.0 0,0.0 0,0.0 0,0.0 0,0.0 0,0.0 0,0.0 0,0.0 0,0.0 0,
0.0 0,0.0 0,0.0 0,0.0 0,0.0 0,0.0 0,0.0 0,0.0 0,0.0 0,0.0 0,0.0 0,0.0 0,0.0 0,0.0 0,0.0 0,0.0 0,0.0 0,0.0 0,0.0 0,0.0 0,0.0 0,0.0 0,0.0 0,0.0 0,0.0 0,0.0 0,0.0 0,0.0 0,0.0 0,0.0 0,0.0 0,0.0 0,0.0 0,0.0 0,0.0 0,0.0 0,0.0 0,0.0 0,0.0 0,0.0 0,
0.0 0,0.0 0,0.0 0,0.0 0,0.0 0,0.0 0,0.0 0,0.0 0,0.0 0,0.0 0,0.0 0,0.0 0,0.0 0,0.0 0,0.0 0,0.0 0,0.0 0,0.0 0,0.0 0,0.0 0,0.0 0,0.0 0,0.0 0,0.0 0,0.0 0,0.0 0,0.0 0,0.0 0,0.0 0,0.0 0,0.0 0,0.0 0,0.0 0,0.0 0,0.0 0,0.0 0,0.0 0,0.0 0,0.0 0,0.0 0,
0.0 0,0.0 0,0.0 0,0.0 0,0.0 0,0.0 0,0.0 0,0.0 0,0.0 0,0.0 0,0.0 0,0.0 0,0.0 0,0.0 0,0.0 0,0.0 0,0.0 0,0.0 0,0.0 0,0.0 0,0.0 0,0.0 0,0.0 0,0.0 0,0.0 0,0.0 0,0.0 0,0.0 0,0.0 0,0.0 0,0.0 0,0.0 0,0.0 0,0.0 0,0.0 0,0.0 0,0.0 0,0.0 0,0.0 0,0.0 0,
0.0 0,0.0 0,0.0 0,0.0 0,0.0 0,0.0 0,0.0 0,0.0 0,0.0 0,0.0 0,0.0 0,0.0 0,0.0 0,0.0 0,0.0 0,0.0 0,0.0 0,0.0 0,0.0 0,0.0 0,0.0 0,0.0 0,0.0 0,0.0 0,0.0 0,0.0 0,0.0 0,0.0 0,0.0 0,0.0 0,0.0 0,0.0 0,0.0 0,0.0 0,0.0 0,0.0 0,0.0 0,0.0 0,0.0 0,0.0 0,
0.0 0,0.0 0,0.0 0,0.0 0,0.0 0,0.0 0,0.0 0,0.0 0,-41.37931034482757 58,0.0 0,0.0 0,0.0 0,-48.47058823529415 170,0.0 0,0.0 0,0.0 0,0.0 0,0.0 0,0.0 0,0.0 0,0.0 0,0.0 0,0.0 0,0.0 0,-246.15384615384616 52,0.0 0,0.0 0,0.0 0,0.0 0,0.0 0,0.0 0,0.0 0,0.0 0,0.0 0,0.0 0,0.0 0,0.0 0,0.0 0,0.0 0,0.0 0,
0.0 0,0.0 0,0.0 0,0.0 0,0.0 0,0.0 0,0.0 0,0.0 0,0.0 0,0.0 0,-58.42364532019705 812,0.0 0,0.0 0,0.0 0,-71.32867132867135 572,0.0 0,0.0 0,0.0 0,-158.8235294117647 34,0.0 0,0.0 0,0.0 0,-203.78378378378378 74,0.0 0,0.0 0,0.0 0,-217.26027397260273 146,0.0 0,0.0 0,0.0 0,0.0 0,0.0 0,0.0 0,0.0 0,0.0 0,0.0 0,0.0 0,0.0 0,0.0 0,0.0 0,
0.0 0,0.0 0,0.0 0,0.0 0,0.0 0,0.0 0,0.0 0,0.0 0,0.0 0,0.0 0,0.0 0,0.0 0,0.0 0,0.0 0,0.0 0,0.0 0,0.0 0,0.0 0,0.0 0,0.0 0,0.0 0,0.0 0,0.0 0,0.0 0,0.0 0,0.0 0,0.0 0,0.0 0,0.0 0,0.0 0,0.0 0,0.0 0,0.0 0,0.0 0,0.0 0,0.0 0,0.0 0,0.0 0,0.0 0,0.0 0,
0.0 0,0.0 0,0.0 0,0.0 0,0.0 0,0.0 0,0.0 0,0.0 0,0.0 0,0.0 0,0.0 0,0.0 0,0.0 0,0.0 0,0.0 0,0.0 0,0.0 0,0.0 0,0.0 0,0.0 0,0.0 0,0.0 0,0.0 0,0.0 0,0.0 0,0.0 0,0.0 0,0.0 0,0.0 0,0.0 0,0.0 0,0.0 0,0.0 0,0.0 0,0.0 0,0.0 0,0.0 0,0.0 0,0.0 0,0.0 0,
0.0 0,0.0 0,0.0 0,0.0 0,0.0 0,0.0 0,0.0 0,0.0 0,0.0 0,0.0 0,0.0 0,0.0 0,0.0 0,0.0 0,0.0 0,0.0 0,-137.40740740740762 2160,0.0 0,0.0 0,0.0 0,-163.25459317585305 2286,0.0 0,0.0 0,0.0 0,0.0 0,0.0 0,0.0 0,0.0 0,0.0 0,0.0 0,0.0 0,0.0 0,0.0 0,0.0 0,0.0 0,0.0 0,0.0 0,0.0 0,0.0 0,0.0 0,
0.0 0,0.0 0,0.0 0,0.0 0,0.0 0,0.0 0,0.0 0,0.0 0,0.0 0,0.0 0,0.0 0,0.0 0,0.0 0,0.0 0,0.0 0,0.0 0,0.0 0,0.0 0,0.0 4,0.0 0,0.0 0,0.0 0,0.0 0,0.0 0,0.0 0,0.0 0,0.0 0,0.0 0,0.0 0,0.0 0,0.0 0,0.0 0,0.0 0,0.0 0,0.0 0,0.0 0,0.0 0,0.0 0,0.0 0,0.0 0,
0.0 0,0.0 0,0.0 0,0.0 0,0.0 0,0.0 0,0.0 0,0.0 0,0.0 0,0.0 0,-100.0 2,0.0 0,0.0 0,0.0 0,0.0 0,0.0 0,0.0 0,0.0 0,0.0 0,0.0 0,0.0 0,0.0 0,110.0 16,0.0 0,0.0 0,0.0 0,0.0 0,0.0 0,0.0 0,0.0 0,0.0 0,0.0 0,0.0 0,0.0 0,0.0 0,0.0 0,0.0 0,0.0 0,0.0 0,0.0 0,
0.0 0,0.0 0,0.0 0,0.0 0,0.0 0,0.0 0,0.0 0,0.0 0,0.0 0,0.0 0,0.0 0,0.0 0,0.0 0,0.0 0,0.0 0,0.0 0,0.0 0,0.0 0,0.0 0,0.0 0,0.0 0,0.0 0,0.0 0,0.0 0,0.0 0,0.0 0,0.0 0,0.0 0,0.0 0,0.0 0,0.0 0,0.0 0,0.0 0,0.0 0,0.0 0,0.0 0,0.0 0,0.0 0,0.0 0,0.0 0,
0.0 0,0.0 0,0.0 0,0.0 0,0.0 0,0.0 0,0.0 0,0.0 0,0.0 0,0.0 0,0.0 0,0.0 0,0.0 0,0.0 0,0.0 0,0.0 0,0.0 0,0.0 0,0.0 0,0.0 0,0.0 0,0.0 0,0.0 0,0.0 0,0.0 0,0.0 0,0.0 0,0.0 0,0.0 0,0.0 0,0.0 0,0.0 0,0.0 0,0.0 0,0.0 0,0.0 0,0.0 0,0.0 0,0.0 0,0.0 0,
0.0 0,0.0 0,0.0 0,0.0 0,0.0 0,0.0 0,0.0 0,0.0 0,0.0 0,0.0 0,0.0 0,0.0 0,0.0 0,0.0 0,0.0 0,0.0 0,0.0 0,0.0 0,-180.0 2,0.0 0,0.0 0,0.0 0,0.0 0,0.0 0,0.0 0,0.0 0,0.0 0,0.0 0,0.0 0,0.0 0,0.0 0,0.0 0,0.0 0,0.0 0,-340.0 6,0.0 0,0.0 0,0.0 0,0.0 0,0.0 0,
0.0 0,0.0 0,0.0 0,0.0 0,-40.0 4,0.0 0,0.0 0,0.0 0,-80.0 2,0.0 0,0.0 0,0.0 0,0.0 0,0.0 0,0.0 0,0.0 0,0.0 0,0.0 0,0.0 0,0.0 0,200.0 10,0.0 0,0.0 0,0.0 0,0.0 0,0.0 0,0.0 0,0.0 0,0.0 0,0.0 0,0.0 0,0.0 0,0.0 0,0.0 0,0.0 0,0.0 0,0.0 0,0.0 0,0.0 0,0.0 0,
0.0 0,0.0 0,0.0 0,0.0 0,0.0 0,0.0 0,0.0 0,0.0 0,16.0 10,0.0 0,0.0 0,0.0 0,-66.66666666666667 18,0.0 0,0.0 0,0.0 0,0.0 0,0.0 0,0.0 0,0.0 0,0.0 0,0.0 0,0.0 0,0.0 0,86.80851063829788 94,0.0 0,0.0 0,0.0 0,0.0 0,0.0 0,0.0 0,0.0 0,0.0 0,0.0 0,0.0 0,0.0 0,0.0 0,0.0 0,0.0 0,0.0 0,
0.0 0,0.0 0,0.0 0,0.0 0,0.0 0,0.0 0,0.0 0,0.0 0,0.0 0,0.0 0,0.0 0,0.0 0,0.0 0,0.0 0,0.0 0,0.0 0,0.0 0,0.0 0,0.0 0,0.0 0,0.0 0,0.0 0,0.0 0,0.0 0,0.0 0,0.0 0,0.0 0,0.0 0,0.0 0,0.0 0,0.0 0,0.0 0,0.0 0,0.0 0,0.0 0,0.0 0,0.0 0,0.0 0,0.0 0,0.0 0,
0.0 0,0.0 0,0.0 0,0.0 0,0.0 0,0.0 0,0.0 0,0.0 0,0.0 0,0.0 0,0.0 0,0.0 0,0.0 0,0.0 0,0.0 0,0.0 0,0.0 0,0.0 0,0.0 0,0.0 0,0.0 0,0.0 0,0.0 0,0.0 0,0.0 0,0.0 0,0.0 0,0.0 0,0.0 0,0.0 0,0.0 0,0.0 0,0.0 0,0.0 0,0.0 0,0.0 0,0.0 0,0.0 0,0.0 0,0.0 0,
0.0 0,0.0 0,0.0 0,0.0 0,0.0 0,0.0 0,0.0 0,0.0 0,0.0 0,0.0 0,0.0 0,0.0 0,0.0 0,0.0 0,0.0 0,0.0 0,0.0 0,0.0 0,0.0 0,0.0 0,-200.0 6,0.0 0,0.0 0,0.0 0,0.0 0,0.0 0,0.0 0,0.0 0,0.0 0,0.0 0,0.0 0,0.0 0,-320.0 20,0.0 0,0.0 0,0.0 0,0.0 0,0.0 0,0.0 0,0.0 0,
0.0 0,0.0 0,0.0 0,0.0 0,0.0 0,0.0 0,0.0 0,0.0 0,0.0 0,0.0 0,0.0 0,0.0 0,0.0 0,0.0 0,0.0 0,0.0 0,0.0 0,0.0 0,0.0 0,0.0 0,0.0 0,0.0 0,0.0 0,0.0 0,0.0 0,0.0 0,0.0 0,0.0 0,0.0 0,0.0 0,0.0 0,0.0 0,0.0 0,0.0 0,0.0 0,0.0 0,0.0 0,0.0 0,0.0 0,0.0 0,
0.0 0,0.0 0,0.0 0,0.0 0,0.0 0,0.0 0,0.0 0,0.0 0,0.0 0,0.0 0,0.0 0,0.0 0,0.0 0,0.0 0,0.0 0,0.0 0,0.0 0,0.0 0,0.0 0,0.0 0,0.0 0,0.0 0,0.0 0,0.0 0,0.0 0,0.0 0,0.0 0,0.0 0,0.0 0,0.0 0,0.0 0,0.0 0,0.0 0,0.0 0,0.0 0,0.0 0,0.0 0,0.0 0,0.0 0,0.0 0,
0.0 0,0.0 0,0.0 0,0.0 0,0.0 0,0.0 0,0.0 0,0.0 0,0.0 0,0.0 0,0.0 0,0.0 0,0.0 0,0.0 0,0.0 0,0.0 0,0.0 0,0.0 0,0.0 0,0.0 0,0.0 0,0.0 0,0.0 0,0.0 0,0.0 0,0.0 0,0.0 0,0.0 0,0.0 0,0.0 0,0.0 0,0.0 0,0.0 0,0.0 0,0.0 0,0.0 0,0.0 0,0.0 0,0.0 0,0.0 0,
0.0 0,0.0 0,0.0 0,0.0 0,0.0 0,0.0 0,0.0 0,0.0 0,0.0 0,0.0 0,0.0 0,0.0 0,0.0 0,0.0 0,0.0 0,0.0 0,0.0 0,0.0 0,0.0 0,0.0 0,0.0 0,0.0 0,0.0 0,0.0 0,0.0 0,0.0 0,0.0 0,0.0 0,0.0 0,0.0 0,0.0 0,0.0 0,0.0 0,0.0 0,0.0 0,0.0 0,0.0 0,0.0 0,0.0 0,0.0 0,
0.0 0,0.0 0,0.0 0,0.0 0,0.0 0,0.0 0,0.0 0,0.0 0,0.0 0,0.0 0,0.0 0,0.0 0,0.0 0,0.0 0,0.0 0,0.0 0,0.0 0,0.0 0,0.0 0,0.0 0,0.0 0,0.0 0,0.0 0,0.0 0,0.0 0,0.0 0,0.0 0,0.0 0,0.0 0,0.0 0,0.0 0,0.0 0,0.0 0,0.0 0,0.0 0,0.0 0,0.0 0,0.0 0,0.0 0,0.0 0,
0.0 0,0.0 0,0.0 0,0.0 0,0.0 0,0.0 0,0.0 0,0.0 0,0.0 0,0.0 0,0.0 0,0.0 0,0.0 0,0.0 0,0.0 0,0.0 0,0.0 0,0.0 0,0.0 0,0.0 0,0.0 0,0.0 0,0.0 0,0.0 0,0.0 0,0.0 0,0.0 0,0.0 0,0.0 0,0.0 0,0.0 0,0.0 0,0.0 0,0.0 0,0.0 0,0.0 0,0.0 0,0.0 0,0.0 0,0.0 0,
0.0 0,0.0 0,0.0 0,0.0 0,0.0 0,0.0 0,0.0 0,0.0 0,0.0 0,0.0 0,0.0 0,0.0 0,0.0 0,0.0 0,0.0 0,0.0 0,0.0 0,0.0 0,0.0 0,0.0 0,0.0 0,0.0 0,0.0 0,0.0 0,0.0 0,0.0 0,0.0 0,0.0 0,0.0 0,0.0 0,0.0 0,0.0 0,0.0 0,0.0 0,0.0 0,0.0 0,0.0 0,0.0 0,0.0 0,0.0 0,
0.0 0,0.0 0,0.0 0,0.0 0,0.0 0,0.0 0,0.0 0,0.0 0,0.0 0,0.0 0,0.0 0,0.0 0,0.0 0,0.0 0,0.0 0,0.0 0,0.0 0,0.0 0,0.0 0,0.0 0,0.0 0,0.0 0,0.0 0,0.0 0,0.0 0,0.0 0,0.0 0,0.0 0,0.0 0,0.0 0,0.0 0,0.0 0,0.0 0,0.0 0,0.0 0,0.0 0,0.0 0,0.0 0,0.0 0,0.0 0,
0.0 0,0.0 0,0.0 0,0.0 0,0.0 0,0.0 0,0.0 0,0.0 0,0.0 0,0.0 0,0.0 0,0.0 0,0.0 0,0.0 0,0.0 0,0.0 0,0.0 0,0.0 0,0.0 0,0.0 0,0.0 0,0.0 0,0.0 0,0.0 0,0.0 0,0.0 0,0.0 0,0.0 0,0.0 0,0.0 0,0.0 0,0.0 0,0.0 0,0.0 0,0.0 0,0.0 0,0.0 0,0.0 0,0.0 0,0.0 0,
0.0 0,0.0 0,0.0 0,0.0 0,0.0 0,0.0 0,0.0 0,0.0 0,0.0 0,0.0 0,0.0 0,0.0 0,0.0 0,0.0 0,0.0 0,0.0 0,0.0 0,0.0 0,0.0 0,0.0 0,0.0 0,0.0 0,0.0 0,0.0 0,0.0 0,0.0 0,0.0 0,0.0 0,0.0 0,0.0 0,0.0 0,0.0 0,0.0 0,0.0 0,0.0 0,0.0 0,0.0 0,0.0 0,0.0 0,0.0 0,
0.0 0,0.0 0,0.0 0,0.0 0,0.0 0,0.0 0,0.0 0,0.0 0,0.0 0,0.0 0,0.0 0,0.0 0,0.0 0,0.0 0,0.0 0,0.0 0,0.0 0,0.0 0,0.0 0,0.0 0,0.0 0,0.0 0,0.0 0,0.0 0,0.0 0,0.0 0,0.0 0,0.0 0,0.0 0,0.0 0,0.0 0,0.0 0,0.0 0,0.0 0,0.0 0,0.0 0,0.0 0,0.0 0,0.0 0,0.0 0,
0.0 0,0.0 0,0.0 0,0.0 0,0.0 0,0.0 0,0.0 0,0.0 0,0.0 0,0.0 0,0.0 0,0.0 0,0.0 0,0.0 0,0.0 0,0.0 0,0.0 0,0.0 0,0.0 0,0.0 0,0.0 0,0.0 0,0.0 0,0.0 0,0.0 0,0.0 0,0.0 0,0.0 0,0.0 0,0.0 0,0.0 0,0.0 0,0.0 0,0.0 0,0.0 0,0.0 0,0.0 0,0.0 0,0.0 0,0.0 0,
0.0 0,0.0 0,0.0 0,0.0 0,0.0 0,0.0 0,0.0 0,0.0 0,0.0 0,0.0 0,0.0 0,0.0 0,0.0 0,0.0 0,0.0 0,0.0 0,0.0 0,0.0 0,0.0 0,0.0 0,0.0 0,0.0 0,0.0 0,0.0 0,0.0 0,0.0 0,0.0 0,0.0 0,0.0 0,0.0 0,0.0 0,0.0 0,0.0 0,0.0 0,0.0 0,0.0 0,0.0 0,0.0 0,0.0 0,0.0 0,
0.0 0,0.0 0,0.0 0,0.0 0,0.0 0,0.0 0,0.0 0,0.0 0,0.0 0,0.0 0,0.0 0,0.0 0,0.0 0,0.0 0,0.0 0,0.0 0,0.0 0,0.0 0,0.0 0,0.0 0,0.0 0,0.0 0,0.0 0,0.0 0,0.0 0,0.0 0,260.0 2,0.0 0,0.0 0,0.0 0,0.0 0,0.0 0,0.0 0,0.0 0,0.0 0,0.0 0,0.0 0,0.0 0,0.0 0,0.0 0,
0.0 0,0.0 0,0.0 0,0.0 0,0.0 0,0.0 0,0.0 0,0.0 0,0.0 0,0.0 0,0.0 0,0.0 0,0.0 0,0.0 0,0.0 0,0.0 0,0.0 0,0.0 0,0.0 0,0.0 0,0.0 0,0.0 0,0.0 0,0.0 0,0.0 0,0.0 0,0.0 4,0.0 0,0.0 0,0.0 0,0.0 0,0.0 0,0.0 0,0.0 0,0.0 0,0.0 0,0.0 0,0.0 0,0.0 0,0.0 0,
0.0 0,0.0 0,0.0 0,0.0 0,0.0 0,0.0 0,0.0 0,0.0 0,0.0 0,0.0 0,0.0 0,0.0 0,0.0 0,0.0 0,0.0 0,0.0 0,0.0 0,0.0 0,0.0 0,0.0 0,0.0 0,0.0 0,0.0 0,0.0 0,0.0 0,0.0 0,0.0 0,0.0 0,0.0 0,0.0 0,0.0 0,0.0 0,0.0 0,0.0 0,0.0 0,0.0 0,0.0 0,0.0 0,0.0 0,0.0 0,
0.0 0,0.0 0,0.0 0,0.0 0,0.0 0,0.0 0,0.0 0,0.0 0,0.0 0,0.0 0,0.0 0,0.0 0,0.0 0,0.0 0,0.0 0,0.0 0,0.0 0,0.0 0,0.0 0,0.0 0,0.0 0,0.0 0,0.0 0,0.0 0,0.0 0,0.0 0,0.0 0,0.0 0,0.0 0,0.0 0,0.0 0,0.0 0,0.0 0,0.0 0,0.0 0,0.0 0,0.0 0,0.0 0,0.0 0,0.0 0,
0.0 0,0.0 0,0.0 0,0.0 0,0.0 4,0.0 0,0.0 0,0.0 0,0.0 4,0.0 0,0.0 0,0.0 0,0.0 0,0.0 0,0.0 0,0.0 0,0.0 0,0.0 0,0.0 0,0.0 0,0.0 28,0.0 0,0.0 0,0.0 0,0.0 0,0.0 0,-260.0 96,0.0 0,0.0 0,0.0 0,0.0 0,0.0 0,0.0 0,0.0 0,0.0 0,0.0 0,0.0 0,0.0 0,0.0 0,0.0 0,
0.0 0,0.0 0,0.0 0,0.0 0,0.0 0,0.0 0,0.0 0,0.0 0,-25.365853658536587 82,0.0 0,0.0 0,0.0 0,-32.72727272727273 22,0.0 0,0.0 0,0.0 0,0.0 0,0.0 0,0.0 0,0.0 0,0.0 0,0.0 0,0.0 0,0.0 0,132.63157894736835 152,0.0 0,0.0 0,0.0 0,0.0 0,0.0 0,0.0 0,0.0 0,0.0 0,0.0 0,0.0 0,0.0 0,0.0 0,0.0 0,0.0 0,0.0 0,
0.0 0,0.0 0,0.0 0,0.0 0,0.0 0,0.0 0,0.0 0,0.0 0,0.0 0,0.0 0,0.0 0,0.0 0,0.0 0,0.0 0,0.0 0,0.0 0,0.0 0,0.0 0,0.0 0,0.0 0,0.0 0,0.0 0,0.0 0,0.0 0,0.0 0,0.0 0,0.0 0,0.0 0,0.0 0,0.0 0,0.0 0,0.0 0,0.0 0,0.0 0,0.0 0,0.0 0,0.0 0,0.0 0,0.0 0,0.0 0,
0.0 0,0.0 0,0.0 0,0.0 0,0.0 0,0.0 0,0.0 0,0.0 0,0.0 0,0.0 0,0.0 0,0.0 0,0.0 0,0.0 0,0.0 0,0.0 0,0.0 0,0.0 0,0.0 0,0.0 0,0.0 0,0.0 0,0.0 0,0.0 0,0.0 0,0.0 0,0.0 0,0.0 0,0.0 0,0.0 0,0.0 0,0.0 0,0.0 0,0.0 0,0.0 0,0.0 0,0.0 0,0.0 0,0.0 0,0.0 0,
0.0 0,0.0 0,0.0 0,0.0 0,0.0 0,0.0 0,0.0 0,0.0 0,0.0 0,0.0 0,0.0 0,0.0 0,0.0 0,0.0 0,0.0 0,0.0 0,0.0 0,0.0 0,0.0 0,0.0 0,-200.0 10,0.0 0,0.0 0,0.0 0,-240.0 2,0.0 0,0.0 0,0.0 0,-112.0 20,0.0 0,0.0 0,0.0 0,-106.6666666666666 84,0.0 0,0.0 0,0.0 0,0.0 0,0.0 0,0.0 0,0.0 0,
0.0 0,0.0 0,0.0 0,0.0 0,0.0 0,0.0 0,0.0 0,0.0 0,0.0 0,0.0 0,0.0 0,0.0 0,0.0 0,0.0 0,0.0 0,0.0 0,0.0 0,0.0 0,0.0 0,0.0 0,0.0 0,0.0 0,0.0 0,0.0 0,0.0 0,0.0 0,0.0 0,0.0 0,0.0 0,0.0 0,0.0 0,0.0 0,0.0 0,0.0 0,0.0 0,0.0 0,0.0 0,0.0 0,0.0 0,0.0 0,
0.0 0,0.0 0,0.0 0,0.0 0,0.0 0,0.0 0,-60.0 4,0.0 0,0.0 0,0.0 0,25.0 32,0.0 0,0.0 0,0.0 0,0.0 0,0.0 0,0.0 0,0.0 0,0.0 0,0.0 0,0.0 0,0.0 0,88.00000000000004 160,0.0 0,0.0 0,0.0 0,0.0 0,0.0 0,0.0 0,0.0 0,0.0 0,0.0 0,0.0 0,0.0 0,0.0 0,0.0 0,0.0 0,0.0 0,0.0 0,0.0 0,
0.0 0,0.0 0,0.0 0,0.0 0,0.0 0,0.0 0,0.0 0,0.0 0,0.0 0,0.0 0,18.18181818181818 44,0.0 0,0.0 0,0.0 0,-6.666666666666667 42,0.0 0,0.0 0,0.0 0,-4.864864864864863 74,0.0 0,0.0 0,0.0 0,45.51724137931034 232,0.0 0,0.0 0,0.0 0,0.0 0,0.0 0,0.0 0,0.0 0,0.0 0,0.0 0,0.0 0,0.0 0,0.0 0,0.0 0,0.0 0,0.0 0,0.0 0,0.0 0,
0.0 0,0.0 0,0.0 0,0.0 0,0.0 0,0.0 0,0.0 0,0.0 0,0.0 0,0.0 0,0.0 0,0.0 0,0.0 0,0.0 0,0.0 0,0.0 0,0.0 0,0.0 0,0.0 0,0.0 0,0.0 0,0.0 0,0.0 0,0.0 0,0.0 0,0.0 0,0.0 0,0.0 0,0.0 0,0.0 0,0.0 0,0.0 0,0.0 0,0.0 0,0.0 0,0.0 0,0.0 0,0.0 0,0.0 0,0.0 0,
0.0 0,0.0 0,0.0 0,0.0 0,0.0 0,0.0 0,0.0 0,0.0 0,0.0 0,0.0 0,0.0 0,0.0 0,0.0 0,0.0 0,0.0 0,0.0 0,0.0 0,0.0 0,0.0 0,0.0 0,0.0 0,0.0 0,0.0 0,0.0 0,0.0 0,0.0 0,0.0 0,0.0 0,0.0 0,0.0 0,0.0 0,0.0 0,0.0 0,0.0 0,0.0 0,0.0 0,0.0 0,0.0 0,0.0 0,0.0 0,
0.0 0,0.0 0,0.0 0,0.0 0,0.0 0,0.0 0,0.0 0,0.0 0,0.0 0,0.0 0,0.0 0,0.0 0,0.0 0,0.0 0,0.0 0,0.0 0,0.0 0,0.0 0,0.0 0,0.0 0,0.0 0,0.0 0,-220.0 16,0.0 0,0.0 0,0.0 0,-143.82978723404247 188,0.0 0,0.0 0,0.0 0,0.0 0,0.0 0,0.0 0,0.0 0,0.0 0,0.0 0,0.0 0,0.0 0,0.0 0,0.0 0,
0.0 0,0.0 0,0.0 0,0.0 0,0.0 0,0.0 0,0.0 0,0.0 0,0.0 0,0.0 0,0.0 0,0.0 0,0.0 0,0.0 0,0.0 0,0.0 0,0.0 0,0.0 0,0.0 0,0.0 0,0.0 0,0.0 0,0.0 0,0.0 0,0.0 0,0.0 0,0.0 0,0.0 0,0.0 0,0.0 0,0.0 0,0.0 0,0.0 0,0.0 0,0.0 0,0.0 0,0.0 0,0.0 0,0.0 0,0.0 0,
0.0 0,0.0 0,0.0 0,0.0 0,0.0 0,0.0 0,0.0 0,0.0 0,0.0 0,0.0 0,0.0 0,0.0 0,0.0 0,0.0 0,0.0 0,0.0 0,0.0 0,0.0 0,0.0 0,0.0 0,0.0 0,0.0 0,0.0 0,0.0 0,0.0 0,0.0 0,0.0 0,0.0 0,0.0 0,0.0 0,0.0 0,0.0 0,0.0 0,0.0 0,0.0 0,0.0 0,0.0 0,0.0 0,0.0 0,0.0 0,
0.0 0,0.0 0,0.0 0,0.0 0,0.0 0,0.0 0,0.0 0,0.0 0,0.0 0,0.0 0,0.0 0,0.0 0,0.0 0,0.0 0,0.0 0,0.0 0,0.0 0,0.0 0,0.0 0,0.0 0,0.0 0,0.0 0,0.0 0,0.0 0,0.0 0,0.0 0,0.0 0,0.0 0,0.0 0,0.0 0,0.0 0,0.0 0,0.0 0,0.0 0,0.0 0,0.0 0,0.0 0,0.0 0,0.0 0,0.0 0,
0.0 0,0.0 0,0.0 0,0.0 0,0.0 0,0.0 0,0.0 0,0.0 0,0.0 0,0.0 0,0.0 0,0.0 0,0.0 0,0.0 0,0.0 0,0.0 0,0.0 0,0.0 0,0.0 0,0.0 0,0.0 0,0.0 0,0.0 0,0.0 0,0.0 0,0.0 0,0.0 0,0.0 0,0.0 0,0.0 0,0.0 0,0.0 0,0.0 0,0.0 0,0.0 0,0.0 0,0.0 0,0.0 0,0.0 0,0.0 0,
0.0 0,0.0 0,0.0 0,0.0 0,0.0 0,0.0 0,0.0 0,0.0 0,0.0 0,0.0 0,0.0 0,0.0 0,0.0 0,0.0 0,0.0 0,0.0 0,0.0 0,0.0 0,0.0 0,0.0 0,0.0 0,0.0 0,0.0 0,0.0 0,0.0 0,0.0 0,0.0 0,0.0 0,0.0 0,0.0 0,0.0 0,0.0 0,0.0 0,0.0 0,0.0 0,0.0 0,0.0 0,0.0 0,0.0 0,0.0 0,
0.0 0,0.0 0,0.0 0,0.0 0,0.0 0,0.0 0,0.0 0,0.0 0,0.0 0,0.0 0,0.0 0,0.0 0,0.0 0,0.0 0,0.0 0,0.0 0,0.0 0,0.0 0,0.0 0,0.0 0,0.0 0,0.0 0,0.0 0,0.0 0,0.0 0,0.0 0,0.0 0,0.0 0,0.0 0,0.0 0,0.0 0,0.0 0,0.0 0,0.0 0,0.0 0,0.0 0,0.0 0,0.0 0,0.0 0,0.0 0,
0.0 0,0.0 0,0.0 0,0.0 0,0.0 0,0.0 0,0.0 0,0.0 0,0.0 0,0.0 0,0.0 0,0.0 0,0.0 0,0.0 0,0.0 0,0.0 0,0.0 0,0.0 0,0.0 0,0.0 0,0.0 0,0.0 0,0.0 0,0.0 0,0.0 0,0.0 0,0.0 0,0.0 0,0.0 0,0.0 0,0.0 0,0.0 0,0.0 0,0.0 0,0.0 0,0.0 0,0.0 0,0.0 0,0.0 0,0.0 0,
0.0 0,0.0 0,0.0 0,0.0 0,0.0 0,0.0 0,0.0 0,0.0 0,0.0 0,0.0 0,0.0 0,0.0 0,0.0 0,0.0 0,0.0 0,0.0 0,0.0 0,0.0 0,0.0 0,0.0 0,0.0 0,0.0 0,0.0 0,0.0 0,0.0 0,0.0 0,0.0 0,0.0 0,0.0 0,0.0 0,0.0 0,0.0 0,0.0 0,0.0 0,0.0 0,0.0 0,0.0 0,0.0 0,0.0 0,0.0 0,
0.0 0,0.0 0,0.0 0,0.0 0,0.0 0,0.0 0,0.0 0,0.0 0,0.0 0,0.0 0,0.0 0,0.0 0,0.0 0,0.0 0,0.0 0,0.0 0,0.0 0,0.0 0,0.0 0,0.0 0,0.0 0,0.0 0,0.0 0,0.0 0,0.0 0,0.0 0,0.0 0,0.0 0,0.0 0,0.0 0,0.0 0,0.0 0,0.0 0,0.0 0,0.0 0,0.0 0,0.0 0,0.0 0,0.0 0,0.0 0,
0.0 0,0.0 0,0.0 0,0.0 0,0.0 0,0.0 0,0.0 0,0.0 0,0.0 0,0.0 0,0.0 0,0.0 0,0.0 0,0.0 0,0.0 0,0.0 0,0.0 0,0.0 0,0.0 0,0.0 0,0.0 0,0.0 0,0.0 0,0.0 0,0.0 0,0.0 0,0.0 0,0.0 0,0.0 0,0.0 0,0.0 0,0.0 0,0.0 0,0.0 0,0.0 0,0.0 0,0.0 0,0.0 0,0.0 0,0.0 0,
0.0 0,0.0 0,0.0 0,0.0 0,0.0 0,0.0 0,0.0 0,0.0 0,0.0 0,0.0 0,0.0 0,0.0 0,0.0 0,0.0 0,0.0 0,0.0 0,0.0 0,0.0 0,0.0 0,0.0 0,0.0 0,0.0 0,0.0 0,0.0 0,0.0 0,0.0 0,0.0 0,0.0 0,0.0 0,0.0 0,0.0 0,0.0 0,0.0 0,0.0 0,0.0 0,0.0 0,0.0 0,0.0 0,0.0 0,0.0 0,
0.0 0,0.0 0,0.0 0,0.0 0,0.0 0,0.0 0,0.0 0,0.0 0,0.0 0,0.0 0,0.0 0,0.0 0,0.0 0,0.0 0,0.0 0,0.0 0,0.0 0,0.0 0,0.0 0,0.0 0,0.0 0,0.0 0,0.0 0,0.0 0,0.0 0,0.0 0,0.0 0,0.0 0,0.0 0,0.0 0,0.0 0,0.0 0,0.0 0,0.0 0,0.0 0,0.0 0,0.0 0,0.0 0,0.0 0,0.0 0,
0.0 0,0.0 0,0.0 0,0.0 0,0.0 0,0.0 0,0.0 0,0.0 0,0.0 0,0.0 0,0.0 0,0.0 0,-120.0 2,0.0 0,0.0 0,0.0 0,-160.0 4,0.0 0,0.0 0,0.0 0,-200.0 2,0.0 0,0.0 0,0.0 0,-240.0 6,0.0 0,0.0 0,0.0 0,0.0 0,0.0 0,0.0 0,0.0 0,0.0 0,0.0 0,0.0 0,0.0 0,0.0 0,0.0 0,0.0 0,0.0 0,
0.0 0,0.0 0,0.0 0,0.0 0,0.0 0,0.0 0,0.0 0,0.0 0,0.0 0,0.0 0,0.0 0,0.0 0,0.0 0,0.0 0,0.0 0,0.0 0,-96.0 10,0.0 0,0.0 0,0.0 0,85.71428571428571 14,0.0 0,0.0 0,0.0 0,0.0 0,0.0 0,0.0 0,0.0 0,0.0 0,0.0 0,0.0 0,0.0 0,0.0 0,0.0 0,0.0 0,0.0 0,0.0 0,0.0 0,0.0 0,0.0 0,
0.0 0,0.0 0,0.0 0,0.0 0,0.0 0,0.0 0,0.0 0,0.0 0,0.0 0,0.0 0,0.0 0,0.0 0,0.0 0,0.0 0,0.0 0,0.0 0,0.0 0,0.0 0,0.0 0,0.0 0,-200.0 24,0.0 0,0.0 0,0.0 0,-240.0 100,0.0 0,0.0 0,0.0 0,0.0 0,0.0 0,0.0 0,0.0 0,0.0 0,0.0 0,0.0 0,0.0 0,0.0 0,0.0 0,0.0 0,0.0 0,
0.0 0,0.0 0,0.0 0,0.0 0,0.0 0,0.0 0,0.0 0,0.0 0,0.0 0,0.0 0,0.0 0,0.0 0,0.0 0,0.0 0,0.0 0,0.0 0,0.0 0,0.0 0,0.0 0,0.0 0,0.0 0,0.0 0,0.0 0,0.0 0,-236.75675675675674 296,0.0 0,0.0 0,0.0 0,0.0 0,0.0 0,0.0 0,0.0 0,0.0 0,0.0 0,0.0 0,0.0 0,0.0 0,0.0 0,0.0 0,0.0 0,
0.0 0,0.0 0,0.0 0,0.0 0,0.0 0,0.0 0,0.0 0,0.0 0,0.0 0,0.0 0,0.0 0,0.0 0,0.0 0,0.0 0,0.0 0,0.0 0,0.0 0,0.0 0,0.0 0,0.0 0,0.0 0,0.0 0,0.0 0,0.0 0,0.0 0,0.0 0,0.0 0,0.0 0,0.0 0,0.0 0,0.0 0,0.0 0,0.0 0,0.0 0,0.0 0,0.0 0,0.0 0,0.0 0,0.0 0,0.0 0,
0.0 0,0.0 0,0.0 0,0.0 0,0.0 0,0.0 0,0.0 0,0.0 0,0.0 0,0.0 0,0.0 0,0.0 0,0.0 0,0.0 0,0.0 0,0.0 0,0.0 0,0.0 0,0.0 0,0.0 0,0.0 0,0.0 0,0.0 0,0.0 0,0.0 0,0.0 0,0.0 0,0.0 0,0.0 0,0.0 0,0.0 0,0.0 0,0.0 0,0.0 0,0.0 0,0.0 0,0.0 0,0.0 0,0.0 0,0.0 0,
0.0 0,0.0 0,0.0 0,0.0 0,0.0 0,0.0 0,0.0 0,0.0 0,0.0 0,0.0 0,0.0 0,0.0 0,0.0 0,0.0 0,0.0 0,0.0 0,0.0 0,0.0 0,0.0 0,0.0 0,0.0 0,0.0 0,0.0 0,0.0 0,0.0 0,0.0 0,0.0 0,0.0 0,0.0 0,0.0 0,0.0 0,0.0 0,0.0 0,0.0 0,0.0 0,0.0 0,0.0 0,0.0 0,0.0 0,0.0 0,
0.0 0,0.0 0,0.0 0,0.0 0,0.0 0,0.0 0,0.0 0,0.0 0,0.0 0,0.0 0,0.0 0,0.0 0,0.0 0,0.0 0,0.0 0,0.0 0,0.0 0,0.0 0,0.0 0,0.0 0,0.0 0,0.0 0,0.0 0,0.0 0,0.0 0,0.0 0,0.0 0,0.0 0,0.0 0,0.0 0,0.0 0,0.0 0,0.0 0,0.0 0,0.0 0,0.0 0,0.0 0,0.0 0,0.0 0,0.0 0,
0.0 0,0.0 0,0.0 0,0.0 0,0.0 0,0.0 0,0.0 0,0.0 0,0.0 0,0.0 0,0.0 0,0.0 0,0.0 0,0.0 0,0.0 0,0.0 0,0.0 0,0.0 0,0.0 0,0.0 0,0.0 0,0.0 0,0.0 0,0.0 0,0.0 0,0.0 0,0.0 0,0.0 0,0.0 0,0.0 0,0.0 0,0.0 0,0.0 0,0.0 0,0.0 0,0.0 0,0.0 0,0.0 0,0.0 0,0.0 0,
0.0 0,0.0 0,0.0 0,0.0 0,0.0 0,0.0 0,0.0 0,0.0 0,0.0 0,0.0 0,0.0 0,0.0 0,0.0 0,0.0 0,0.0 0,0.0 0,0.0 0,0.0 0,0.0 0,0.0 0,0.0 0,0.0 0,0.0 0,0.0 0,0.0 0,0.0 0,0.0 0,0.0 0,0.0 0,0.0 0,0.0 0,0.0 0,0.0 0,0.0 0,0.0 0,0.0 0,0.0 0,0.0 0,0.0 0,0.0 0,
0.0 0,0.0 0,0.0 0,0.0 0,0.0 0,0.0 0,0.0 0,0.0 0,0.0 0,0.0 0,0.0 0,0.0 0,0.0 0,0.0 0,0.0 0,0.0 0,0.0 0,0.0 0,0.0 0,0.0 0,0.0 0,0.0 0,0.0 0,0.0 0,0.0 0,0.0 0,0.0 0,0.0 0,0.0 0,0.0 0,0.0 0,0.0 0,0.0 0,0.0 0,0.0 0,0.0 0,0.0 0,0.0 0,0.0 0,0.0 0,
0.0 0,0.0 0,0.0 0,0.0 0,0.0 0,0.0 0,0.0 0,0.0 0,0.0 0,0.0 0,0.0 0,0.0 0,0.0 0,0.0 0,0.0 0,0.0 0,0.0 0,0.0 0,0.0 0,0.0 0,0.0 0,0.0 0,0.0 0,0.0 0,0.0 0,0.0 0,0.0 0,0.0 0,0.0 0,0.0 0,0.0 0,0.0 0,0.0 0,0.0 0,0.0 0,0.0 0,0.0 0,0.0 0,0.0 0,0.0 0,
0.0 0,0.0 0,0.0 0,0.0 0,0.0 0,0.0 0,0.0 0,0.0 0,0.0 0,0.0 0,0.0 0,0.0 0,0.0 0,0.0 0,0.0 0,0.0 0,0.0 0,0.0 0,0.0 0,0.0 0,0.0 0,0.0 0,0.0 0,0.0 0,0.0 0,0.0 0,0.0 0,0.0 0,0.0 0,0.0 0,0.0 0,0.0 0,0.0 0,0.0 0,0.0 0,0.0 0,0.0 0,0.0 0,0.0 0,0.0 0,
0.0 0,0.0 0,0.0 0,0.0 0,0.0 0,0.0 0,0.0 0,0.0 0,0.0 0,0.0 0,0.0 0,0.0 0,0.0 0,0.0 0,0.0 0,0.0 0,0.0 0,0.0 0,0.0 0,0.0 0,0.0 0,0.0 0,0.0 0,0.0 0,0.0 0,0.0 0,0.0 0,0.0 0,0.0 0,0.0 0,0.0 0,0.0 0,0.0 0,0.0 0,0.0 0,0.0 0,0.0 0,0.0 0,0.0 0,0.0 0,
0.0 0,0.0 0,0.0 0,0.0 0,0.0 0,0.0 0,0.0 0,0.0 0,0.0 0,0.0 0,0.0 0,0.0 0,0.0 0,0.0 0,0.0 0,0.0 0,0.0 0,0.0 0,0.0 0,0.0 0,0.0 0,0.0 0,0.0 0,0.0 0,0.0 0,0.0 0,0.0 0,0.0 0,0.0 0,0.0 0,0.0 0,0.0 0,0.0 0,0.0 0,0.0 0,0.0 0,0.0 0,0.0 0,0.0 0,0.0 0,
0.0 0,0.0 0,0.0 0,0.0 0,0.0 0,0.0 0,0.0 0,0.0 0,0.0 0,0.0 0,0.0 0,0.0 0,0.0 0,0.0 0,0.0 0,0.0 0,0.0 0,0.0 0,0.0 0,0.0 0,0.0 0,0.0 0,0.0 0,0.0 0,0.0 0,0.0 0,0.0 0,0.0 0,0.0 0,0.0 0,0.0 0,0.0 0,0.0 0,0.0 0,0.0 0,0.0 0,0.0 0,0.0 0,0.0 0,0.0 0,
0.0 0,0.0 0,0.0 0,0.0 0,0.0 0,0.0 0,0.0 0,0.0 0,0.0 0,0.0 0,0.0 0,0.0 0,0.0 0,0.0 0,0.0 0,0.0 0,0.0 0,0.0 0,0.0 0,0.0 0,0.0 0,0.0 0,0.0 0,0.0 0,0.0 0,0.0 0,0.0 0,0.0 0,0.0 0,0.0 0,0.0 0,0.0 0,0.0 0,0.0 0,0.0 0,0.0 0,0.0 0,0.0 0,0.0 0,0.0 0,
0.0 0,0.0 0,0.0 0,0.0 0,0.0 0,0.0 0,0.0 0,0.0 0,0.0 0,0.0 0,0.0 0,0.0 0,0.0 0,0.0 0,0.0 0,0.0 0,0.0 0,0.0 0,0.0 0,0.0 0,0.0 0,0.0 0,0.0 0,0.0 0,0.0 0,0.0 0,0.0 0,0.0 0,0.0 0,0.0 0,0.0 0,0.0 0,0.0 0,0.0 0,0.0 0,0.0 0,0.0 0,0.0 0,0.0 0,0.0 0,
0.0 0,0.0 0,0.0 0,0.0 0,0.0 0,0.0 0,0.0 0,0.0 0,0.0 0,0.0 0,0.0 0,0.0 0,0.0 0,0.0 0,0.0 0,0.0 0,0.0 0,0.0 0,0.0 0,0.0 0,0.0 0,0.0 0,0.0 0,0.0 0,0.0 0,0.0 0,0.0 0,0.0 0,0.0 0,0.0 0,0.0 0,0.0 0,0.0 0,0.0 0,0.0 0,0.0 0,0.0 0,0.0 0,0.0 0,0.0 0,
0.0 0,0.0 0,0.0 0,0.0 0,0.0 0,0.0 0,0.0 0,0.0 0,0.0 0,0.0 0,0.0 0,0.0 0,0.0 0,0.0 0,0.0 0,0.0 0,0.0 0,0.0 0,0.0 0,0.0 0,0.0 0,0.0 0,0.0 0,0.0 0,0.0 0,0.0 0,0.0 0,0.0 0,0.0 0,0.0 0,0.0 0,0.0 0,0.0 0,0.0 0,0.0 0,0.0 0,0.0 0,0.0 0,0.0 0,0.0 0,
0.0 0,0.0 0,0.0 0,0.0 0,0.0 0,0.0 0,0.0 0,0.0 0,0.0 0,0.0 0,0.0 0,0.0 0,0.0 0,0.0 0,0.0 0,0.0 0,0.0 0,0.0 0,0.0 0,0.0 0,0.0 0,0.0 0,0.0 0,0.0 0,0.0 0,0.0 0,0.0 0,0.0 0,0.0 0,0.0 0,0.0 0,0.0 0,0.0 0,0.0 0,0.0 0,0.0 0,0.0 0,0.0 0,0.0 0,0.0 0,
0.0 0,0.0 0,0.0 0,0.0 0,0.0 0,0.0 0,0.0 0,0.0 0,0.0 0,0.0 0,0.0 0,0.0 0,0.0 0,0.0 0,0.0 0,0.0 0,0.0 0,0.0 0,0.0 0,0.0 0,0.0 0,0.0 0,0.0 0,0.0 0,0.0 0,0.0 0,0.0 0,0.0 0,0.0 0,0.0 0,0.0 0,0.0 0,0.0 0,0.0 0,0.0 0,0.0 0,0.0 0,0.0 0,0.0 0,0.0 0,
0.0 0,0.0 0,0.0 0,0.0 0,0.0 0,0.0 0,0.0 0,0.0 0,0.0 0,0.0 0,0.0 0,0.0 0,0.0 0,0.0 0,0.0 0,0.0 0,0.0 0,0.0 0,0.0 0,0.0 0,0.0 0,0.0 0,0.0 0,0.0 0,0.0 0,0.0 0,0.0 0,0.0 0,0.0 0,0.0 0,0.0 0,0.0 0,0.0 0,0.0 0,0.0 0,0.0 0,0.0 0,0.0 0,0.0 0,0.0 0,
0.0 0,0.0 0,0.0 0,0.0 0,0.0 0,0.0 0,0.0 0,0.0 0,0.0 0,0.0 0,0.0 0,0.0 0,0.0 0,0.0 0,0.0 0,0.0 0,0.0 0,0.0 0,0.0 0,0.0 0,0.0 0,0.0 0,0.0 0,0.0 0,0.0 0,0.0 0,0.0 0,0.0 0,0.0 0,0.0 0,0.0 0,0.0 0,0.0 0,0.0 0,0.0 0,0.0 0,0.0 0,0.0 0,0.0 0,0.0 0,
0.0 0,0.0 0,0.0 0,0.0 0,0.0 0,0.0 0,0.0 0,0.0 0,0.0 0,0.0 0,0.0 0,0.0 0,0.0 0,0.0 0,0.0 0,0.0 0,0.0 0,0.0 0,0.0 0,0.0 0,0.0 0,0.0 0,0.0 0,0.0 0,0.0 0,0.0 0,0.0 0,0.0 0,0.0 0,0.0 0,0.0 0,0.0 0,0.0 0,0.0 0,0.0 0,0.0 0,0.0 0,0.0 0,0.0 0,0.0 0,
0.0 0,0.0 0,0.0 0,0.0 0,0.0 0,0.0 0,0.0 0,0.0 0,0.0 0,0.0 0,0.0 0,0.0 0,0.0 0,0.0 0,0.0 0,0.0 0,0.0 0,0.0 0,0.0 0,0.0 0,0.0 0,0.0 0,0.0 0,0.0 0,0.0 0,0.0 0,0.0 0,0.0 0,0.0 0,0.0 0,0.0 0,0.0 0,0.0 0,0.0 0,0.0 0,0.0 0,0.0 0,0.0 0,0.0 0,0.0 0,
0.0 0,0.0 0,0.0 0,0.0 0,0.0 0,0.0 0,0.0 0,0.0 0,0.0 0,0.0 0,0.0 0,0.0 0,0.0 0,0.0 0,0.0 0,0.0 0,0.0 0,0.0 0,0.0 0,0.0 0,0.0 0,0.0 0,0.0 0,0.0 0,0.0 0,0.0 0,0.0 0,0.0 0,0.0 0,0.0 0,0.0 0,0.0 0,0.0 0,0.0 0,0.0 0,0.0 0,0.0 0,0.0 0,0.0 0,0.0 0,
0.0 0,0.0 0,0.0 0,0.0 0,0.0 0,0.0 0,0.0 0,0.0 0,0.0 0,0.0 0,0.0 0,0.0 0,0.0 0,0.0 0,0.0 0,0.0 0,0.0 0,0.0 0,0.0 0,0.0 0,0.0 0,0.0 0,0.0 0,0.0 0,0.0 0,0.0 0,0.0 0,0.0 0,0.0 0,0.0 0,0.0 0,0.0 0,0.0 0,0.0 0,0.0 0,0.0 0,0.0 0,0.0 0,0.0 0,0.0 0,
0.0 0,0.0 0,0.0 0,0.0 0,0.0 0,0.0 0,0.0 0,0.0 0,0.0 0,0.0 0,0.0 0,0.0 0,0.0 0,0.0 0,0.0 0,0.0 0,0.0 0,0.0 0,0.0 0,0.0 0,0.0 0,0.0 0,0.0 0,0.0 0,0.0 0,0.0 0,0.0 0,0.0 0,0.0 0,0.0 0,0.0 0,0.0 0,0.0 0,0.0 0,0.0 0,0.0 0,0.0 0,0.0 0,0.0 0,0.0 0,
0.0 0,0.0 0,0.0 0,0.0 0,0.0 0,0.0 0,0.0 0,0.0 0,0.0 0,0.0 0,0.0 0,0.0 0,0.0 0,0.0 0,0.0 0,0.0 0,0.0 0,0.0 0,0.0 0,0.0 0,0.0 0,0.0 0,0.0 0,0.0 0,0.0 0,0.0 0,0.0 0,0.0 0,0.0 0,0.0 0,0.0 0,0.0 0,0.0 0,0.0 0,0.0 0,0.0 0,0.0 0,0.0 0,0.0 0,0.0 0,
0.0 0,0.0 0,0.0 0,0.0 0,0.0 0,0.0 0,0.0 0,0.0 0,0.0 0,0.0 0,0.0 0,0.0 0,0.0 0,0.0 0,0.0 0,0.0 0,0.0 0,0.0 0,0.0 0,0.0 0,0.0 0,0.0 0,0.0 0,0.0 0,0.0 0,0.0 0,0.0 0,0.0 0,0.0 0,0.0 0,0.0 0,0.0 0,0.0 0,0.0 0,0.0 0,0.0 0,0.0 0,0.0 0,0.0 0,0.0 0,
0.0 0,0.0 0,0.0 0,0.0 0,0.0 0,0.0 0,0.0 0,0.0 0,0.0 0,0.0 0,0.0 0,0.0 0,0.0 0,0.0 0,0.0 0,0.0 0,0.0 0,0.0 0,0.0 0,0.0 0,0.0 0,0.0 0,0.0 0,0.0 0,0.0 0,0.0 0,0.0 0,0.0 0,0.0 0,0.0 0,0.0 0,0.0 0,0.0 0,0.0 0,0.0 0,0.0 0,0.0 0,0.0 0,0.0 0,0.0 0,
0.0 0,0.0 0,0.0 0,0.0 0,0.0 0,0.0 0,0.0 0,0.0 0,-34.285714285714285 14,0.0 0,0.0 0,0.0 0,-40.0 36,0.0 0,0.0 0,0.0 0,0.0 0,0.0 0,0.0 0,0.0 0,0.0 0,0.0 0,0.0 0,0.0 0,-80.00000000000001 42,0.0 0,0.0 0,0.0 0,0.0 0,0.0 0,0.0 0,0.0 0,0.0 0,0.0 0,0.0 0,0.0 0,0.0 0,0.0 0,0.0 0,0.0 0,
0.0 0,0.0 0,0.0 0,0.0 0,0.0 0,0.0 0,0.0 0,0.0 0,0.0 0,0.0 0,0.0 0,0.0 0,-53.793103448275865 58,0.0 0,0.0 0,0.0 0,-111.30434782608695 92,0.0 0,0.0 0,0.0 0,-85.71428571428571 14,0.0 0,0.0 0,0.0 0,-102.85714285714286 14,0.0 0,0.0 0,0.0 0,112.0 40,0.0 0,0.0 0,0.0 0,0.0 0,0.0 0,0.0 0,0.0 0,0.0 0,0.0 0,0.0 0,0.0 0,
0.0 0,0.0 0,0.0 0,0.0 0,0.0 0,0.0 0,0.0 0,0.0 0,0.0 0,0.0 0,0.0 0,0.0 0,0.0 0,0.0 0,0.0 0,0.0 0,0.0 0,0.0 0,0.0 0,0.0 0,0.0 0,0.0 0,0.0 0,0.0 0,0.0 0,0.0 0,0.0 0,0.0 0,0.0 0,0.0 0,0.0 0,0.0 0,0.0 0,0.0 0,0.0 0,0.0 0,0.0 0,0.0 0,0.0 0,0.0 0,
0.0 0,0.0 0,0.0 0,0.0 0,0.0 0,0.0 0,0.0 0,0.0 0,0.0 0,0.0 0,0.0 0,0.0 0,0.0 0,0.0 0,0.0 0,0.0 0,0.0 0,0.0 0,0.0 0,0.0 0,0.0 0,0.0 0,0.0 0,0.0 0,0.0 0,0.0 0,0.0 0,0.0 0,0.0 0,0.0 0,0.0 0,0.0 0,0.0 0,0.0 0,0.0 0,0.0 0,0.0 0,0.0 0,0.0 0,0.0 0,
0.0 0,0.0 0,0.0 0,0.0 0,0.0 0,0.0 0,0.0 0,0.0 0,0.0 0,0.0 0,0.0 0,0.0 0,0.0 0,0.0 0,0.0 0,0.0 0,0.0 0,0.0 0,0.0 0,0.0 0,0.0 0,0.0 0,0.0 0,0.0 0,-240.0 26,0.0 0,0.0 0,0.0 0,-280.0 50,0.0 0,0.0 0,0.0 0,0.0 0,0.0 0,0.0 0,0.0 0,0.0 0,0.0 0,0.0 0,0.0 0,
0.0 0,0.0 0,0.0 0,0.0 0,0.0 0,0.0 0,0.0 0,0.0 0,0.0 0,0.0 0,0.0 0,0.0 0,0.0 0,0.0 0,0.0 0,0.0 0,0.0 0,0.0 0,0.0 0,0.0 0,0.0 0,0.0 0,0.0 0,0.0 0,0.0 0,0.0 0,0.0 0,0.0 0,0.0 0,0.0 0,0.0 0,0.0 0,0.0 0,0.0 0,0.0 0,0.0 0,0.0 0,0.0 0,0.0 0,0.0 0,
0.0 0,0.0 0,0.0 0,0.0 0,0.0 0,0.0 0,0.0 0,0.0 0,0.0 0,0.0 0,-64.51612903225809 248,0.0 0,0.0 0,0.0 0,-89.50819672131149 366,0.0 0,0.0 0,0.0 0,-95.29411764705883 68,0.0 0,0.0 0,0.0 0,-75.34246575342465 146,0.0 0,0.0 0,0.0 0,16.59574468085107 94,0.0 0,0.0 0,0.0 0,0.0 0,0.0 0,0.0 0,0.0 0,0.0 0,0.0 0,0.0 0,0.0 0,0.0 0,0.0 0,
0.0 0,0.0 0,0.0 0,0.0 0,0.0 0,0.0 0,0.0 0,0.0 0,0.0 0,0.0 0,0.0 0,0.0 0,0.0 0,0.0 0,-57.142857142857146 392,0.0 0,0.0 0,0.0 0,-39.327731092436935 476,0.0 0,0.0 0,0.0 0,0.0 0,0.0 0,0.0 0,0.0 0,-44.6875 256,0.0 0,0.0 0,0.0 0,0.0 0,0.0 0,0.0 0,0.0 0,0.0 0,0.0 0,0.0 0,0.0 0,0.0 0,0.0 0,
0.0 0,0.0 0,0.0 0,0.0 0,0.0 0,0.0 0,0.0 0,0.0 0,0.0 0,0.0 0,0.0 0,0.0 0,0.0 0,0.0 0,0.0 0,0.0 0,0.0 0,0.0 0,-90.0 16,0.0 0,0.0 0,0.0 0,-220.0 44,0.0 0,0.0 0,0.0 0,0.0 0,0.0 0,0.0 0,0.0 0,0.0 0,0.0 0,0.0 0,0.0 0,0.0 0,0.0 0,0.0 0,0.0 0,0.0 0,0.0 0,
0.0 0,0.0 0,0.0 0,0.0 0,0.0 0,0.0 0,0.0 0,0.0 0,0.0 0,0.0 0,0.0 0,0.0 0,0.0 0,0.0 0,0.0 0,0.0 0,0.0 0,0.0 0,0.0 0,0.0 0,0.0 0,0.0 0,-220.0 18,0.0 0,0.0 0,0.0 0,-260.0 78,0.0 0,0.0 0,0.0 0,0.0 0,0.0 0,0.0 0,0.0 0,0.0 0,0.0 0,0.0 0,0.0 0,0.0 0,0.0 0,
0.0 0,0.0 0,0.0 0,0.0 0,0.0 0,0.0 0,0.0 0,0.0 0,0.0 0,0.0 0,0.0 0,0.0 0,0.0 0,0.0 0,0.0 0,0.0 0,0.0 0,0.0 0,0.0 0,0.0 0,0.0 0,0.0 0,0.0 0,0.0 0,0.0 0,0.0 0,-260.0 214,0.0 0,0.0 0,0.0 0,0.0 0,0.0 0,0.0 0,0.0 0,0.0 0,0.0 0,0.0 0,0.0 0,0.0 0,0.0 0,
0.0 0,0.0 0,0.0 0,0.0 0,0.0 0,0.0 0,0.0 0,0.0 0,0.0 0,0.0 0,0.0 0,0.0 0,0.0 0,0.0 0,0.0 0,0.0 0,0.0 0,0.0 0,0.0 0,0.0 0,0.0 0,0.0 0,0.0 0,0.0 0,0.0 0,0.0 0,0.0 0,0.0 0,0.0 0,0.0 0,0.0 0,0.0 0,0.0 0,0.0 0,0.0 0,0.0 0,0.0 0,0.0 0,0.0 0,0.0 0,
0.0 0,0.0 0,0.0 0,0.0 0,0.0 0,0.0 0,0.0 0,0.0 0,0.0 0,0.0 0,0.0 0,0.0 0,0.0 0,0.0 0,0.0 0,0.0 0,0.0 0,0.0 0,0.0 0,0.0 0,0.0 0,0.0 0,0.0 0,0.0 0,0.0 0,0.0 0,0.0 0,0.0 0,0.0 0,0.0 0,0.0 0,0.0 0,0.0 0,0.0 0,0.0 0,0.0 0,0.0 0,0.0 0,0.0 0,0.0 0,
0.0 0,0.0 0,0.0 0,0.0 0,0.0 0,0.0 0,0.0 0,0.0 0,0.0 0,0.0 0,0.0 0,0.0 0,0.0 0,0.0 0,0.0 0,0.0 0,0.0 0,0.0 0,0.0 0,0.0 0,0.0 0,0.0 0,0.0 0,0.0 0,0.0 0,0.0 0,0.0 0,0.0 0,0.0 0,0.0 0,0.0 0,0.0 0,0.0 0,0.0 0,0.0 0,0.0 0,0.0 0,0.0 0,0.0 0,0.0 0,
0.0 0,0.0 0,0.0 0,0.0 0,0.0 0,0.0 0,0.0 0,0.0 0,0.0 0,0.0 0,0.0 0,0.0 0,0.0 0,0.0 0,0.0 0,0.0 0,0.0 0,0.0 0,0.0 0,0.0 0,0.0 0,0.0 0,0.0 0,0.0 0,0.0 0,0.0 0,0.0 0,0.0 0,0.0 0,0.0 0,0.0 0,0.0 0,0.0 0,0.0 0,0.0 0,0.0 0,0.0 0,0.0 0,0.0 0,0.0 0,
0.0 0,0.0 0,0.0 0,0.0 0,0.0 0,0.0 0,0.0 0,0.0 0,0.0 0,0.0 0,0.0 0,0.0 0,0.0 0,0.0 0,0.0 0,0.0 0,0.0 0,0.0 0,0.0 0,0.0 0,0.0 0,0.0 0,0.0 0,0.0 0,0.0 0,0.0 0,0.0 0,0.0 0,0.0 0,0.0 0,0.0 0,0.0 0,0.0 0,0.0 0,0.0 0,0.0 0,0.0 0,0.0 0,0.0 0,0.0 0,
0.0 0,0.0 0,0.0 0,0.0 0,0.0 0,0.0 0,0.0 0,0.0 0,0.0 0,0.0 0,0.0 0,0.0 0,0.0 0,0.0 0,0.0 0,0.0 0,0.0 0,0.0 0,0.0 0,0.0 0,0.0 0,0.0 0,0.0 0,0.0 0,0.0 0,0.0 0,0.0 0,0.0 0,0.0 0,0.0 0,0.0 0,0.0 0,0.0 0,0.0 0,0.0 0,0.0 0,0.0 0,0.0 0,0.0 0,0.0 0,
0.0 0,0.0 0,0.0 0,0.0 0,0.0 0,0.0 0,0.0 0,0.0 0,0.0 0,0.0 0,0.0 0,0.0 0,0.0 0,0.0 0,0.0 0,0.0 0,0.0 0,0.0 0,0.0 0,0.0 0,0.0 0,0.0 0,0.0 0,0.0 0,0.0 0,0.0 0,0.0 0,0.0 0,0.0 0,0.0 0,0.0 0,0.0 0,0.0 0,0.0 0,0.0 0,0.0 0,0.0 0,0.0 0,0.0 0,0.0 0,
0.0 0,0.0 0,0.0 0,0.0 0,0.0 0,0.0 0,0.0 0,0.0 0,0.0 0,0.0 0,0.0 0,0.0 0,0.0 0,0.0 0,0.0 0,0.0 0,0.0 0,0.0 0,0.0 0,0.0 0,0.0 0,0.0 0,0.0 0,0.0 0,0.0 0,0.0 0,0.0 0,0.0 0,0.0 0,0.0 0,0.0 0,0.0 0,0.0 0,0.0 0,0.0 0,0.0 0,0.0 0,0.0 0,0.0 0,0.0 0,
0.0 0,0.0 0,0.0 0,0.0 0,0.0 0,0.0 0,0.0 0,0.0 0,0.0 0,0.0 0,0.0 0,0.0 0,0.0 0,0.0 0,0.0 0,0.0 0,0.0 0,0.0 0,0.0 0,0.0 0,0.0 0,0.0 0,0.0 0,0.0 0,0.0 0,0.0 0,0.0 0,0.0 0,0.0 0,0.0 0,0.0 0,0.0 0,0.0 0,0.0 0,0.0 0,0.0 0,0.0 0,0.0 0,0.0 0,0.0 0,
0.0 0,0.0 0,0.0 0,0.0 0,0.0 0,0.0 0,0.0 0,0.0 0,0.0 0,0.0 0,0.0 0,0.0 0,0.0 0,0.0 0,0.0 0,0.0 0,0.0 0,0.0 0,0.0 0,0.0 0,0.0 0,0.0 0,0.0 0,0.0 0,0.0 0,0.0 0,0.0 0,0.0 0,0.0 0,0.0 0,0.0 0,0.0 0,0.0 0,0.0 0,0.0 0,0.0 0,0.0 0,0.0 0,0.0 0,0.0 0,
0.0 0,0.0 0,0.0 0,0.0 0,0.0 0,0.0 0,0.0 0,0.0 0,0.0 0,0.0 0,0.0 0,0.0 0,0.0 0,0.0 0,0.0 0,0.0 0,0.0 0,0.0 0,0.0 0,0.0 0,0.0 0,0.0 0,0.0 0,0.0 0,0.0 0,0.0 0,0.0 0,0.0 0,0.0 0,0.0 0,0.0 0,0.0 0,0.0 0,0.0 0,0.0 0,0.0 0,0.0 0,0.0 0,0.0 0,0.0 0,
0.0 0,0.0 0,0.0 0,0.0 0,0.0 0,0.0 0,0.0 0,0.0 0,0.0 0,0.0 0,0.0 0,0.0 0,0.0 0,0.0 0,0.0 0,0.0 0,0.0 0,0.0 0,0.0 0,0.0 0,0.0 0,0.0 0,0.0 0,0.0 0,0.0 0,0.0 0,0.0 0,0.0 0,0.0 0,0.0 0,0.0 0,0.0 0,0.0 0,0.0 0,0.0 0,0.0 0,0.0 0,0.0 0,0.0 0,0.0 0,
0.0 0,0.0 0,0.0 0,0.0 0,0.0 0,0.0 0,0.0 0,0.0 0,0.0 0,0.0 0,0.0 0,0.0 0,0.0 0,0.0 0,0.0 0,0.0 0,-150.22071307300473 2356,0.0 0,0.0 0,0.0 0,-191.99999999999997 700,0.0 0,0.0 0,0.0 0,0.0 0,0.0 0,0.0 0,0.0 0,0.0 0,0.0 0,0.0 0,0.0 0,0.0 0,0.0 0,0.0 0,0.0 0,0.0 0,0.0 0,0.0 0,0.0 0,
0.0 0,0.0 0,0.0 0,0.0 0,0.0 0,0.0 0,0.0 0,0.0 0,0.0 0,0.0 0,0.0 0,0.0 0,0.0 0,0.0 0,0.0 0,0.0 0,0.0 0,0.0 0,0.0 0,0.0 0,-196.07843137254903 3876,0.0 0,0.0 0,0.0 0,0.0 0,0.0 0,0.0 0,0.0 0,0.0 0,0.0 0,0.0 0,0.0 0,0.0 0,0.0 0,0.0 0,0.0 0,0.0 0,0.0 0,0.0 0,0.0 0,
0.0 0,0.0 0,0.0 0,0.0 0,0.0 0,0.0 0,0.0 0,0.0 0,0.0 0,0.0 0,0.0 0,0.0 0,0.0 0,0.0 0,0.0 0,0.0 0,0.0 0,0.0 0,0.0 0,0.0 0,0.0 0,0.0 0,0.0 0,0.0 0,0.0 0,0.0 0,0.0 0,0.0 0,0.0 0,0.0 0,0.0 0,0.0 0,0.0 0,0.0 0,0.0 0,0.0 0,0.0 0,0.0 0,0.0 0,0.0 0,
table1
0.0 0,0.0 0,40.86153846153845 325,0.0 0,45.7218124341412 1898,0.0 0,0.0 0,0.0 0,-50.78810853950521 10024,0.0 0,0.0 0,0.0 0,0.0 0,0.0 0,0.0 0,0.0 0,0.0 0,0.0 0,0.0 0,0.0 0,0.0 0,0.0 0,0.0 0,0.0 0,0.0 0,0.0 0,0.0 0,0.0 0,0.0 0,0.0 0,0.0 0,0.0 0,0.0 0,0.0 0,0.0 0,0.0 0,0.0 0,0.0 0,0.0 0,0.0 0,
0.0 0,0.0 0,67.6923076923077 52,0.0 0,82.92682926829268 246,0.0 0,0.0 0,0.0 0,0.0 0,0.0 0,-169.86666666666667 150,0.0 0,0.0 0,0.0 0,0.0 0,0.0 0,0.0 0,0.0 0,0.0 0,0.0 0,0.0 0,0.0 0,0.0 0,0.0 0,0.0 0,0.0 0,0.0 0,0.0 0,0.0 0,0.0 0,0.0 0,0.0 0,0.0 0,0.0 0,0.0 0,0.0 0,0.0 0,0.0 0,0.0 0,0.0 0,
0.0 0,0.0 0,0.0 0,0.0 0,111.97026022304834 538,0.0 0,99.5419847328245 1572,0.0 0,0.0 0,0.0 0,0.0 0,0.0 0,-112.8062015503876 1290,0.0 0,0.0 0,0.0 0,0.0 0,0.0 0,0.0 0,0.0 0,0.0 0,0.0 0,0.0 0,0.0 0,0.0 0,0.0 0,0.0 0,0.0 0,0.0 0,0.0 0,0.0 0,0.0 0,0.0 0,0.0 0,0.0 0,0.0 0,0.0 0,0.0 0,0.0 0,0.0 0,
0.0 0,0.0 0,0.0 0,0.0 0,0.0 0,0.0 0,0.0 0,0.0 0,0.0 0,0.0 0,0.0 0,0.0 0,0.0 0,0.0 0,0.0 0,0.0 0,0.0 0,0.0 0,0.0 0,0.0 0,0.0 0,0.0 0,0.0 0,0.0 0,0.0 0,0.0 0,0.0 0,0.0 0,0.0 0,0.0 0,0.0 0,0.0 0,0.0 0,0.0 0,0.0 0,0.0 0,0.0 0,0.0 0,0.0 0,0.0 0,
0.0 0,0.0 0,0.0 0,0.0 0,0.0 0,0.0 0,0.0 0,0.0 0,20.63694267515925 628,0.0 0,34.335368717707894 4258,0.0 0,0.0 0,0.0 0,0.0 0,0.0 0,-97.50160565189472 12456,0.0 0,0.0 0,0.0 0,0.0 0,0.0 0,0.0 0,0.0 0,0.0 0,0.0 0,0.0 0,0.0 0,0.0 0,0.0 0,0.0 0,0.0 0,0.0 0,0.0 0,0.0 0,0.0 0,0.0 0,0.0 0,0.0 0,0.0 0,
0.0 0,0.0 0,36.0 10,0.0 0,0.0 0,0.0 0,110.0 16,0.0 0,0.0 0,0.0 0,0.0 0,0.0 0,0.0 0,0.0 0,0.0 0,0.0 0,0.0 0,0.0 0,-60.0 16,0.0 0,0.0 0,0.0 0,0.0 0,0.0 0,0.0 0,0.0 0,0.0 0,0.0 0,0.0 0,0.0 0,0.0 0,0.0 0,0.0 0,0.0 0,0.0 0,0.0 0,0.0 0,0.0 0,0.0 0,0.0 0,
0.0 0,0.0 0,0.0 0,0.0 0,83.07692307692308 26,0.0 0,0.0 0,0.0 0,129.83606557377053 122,0.0 0,0.0 0,0.0 0,0.0 0,0.0 0,0.0 0,0.0 0,0.0 0,0.0 0,0.0 0,0.0 0,-79.99999999999999 40,0.0 0,0.0 0,0.0 0,0.0 0,0.0 0,0.0 0,0.0 0,0.0 0,0.0 0,0.0 0,0.0 0,0.0 0,0.0 0,0.0 0,0.0 0,0.0 0,0.0 0,0.0 0,0.0 0,
0.0 0,0.0 0,0.0 0,0.0 0,0.0 0,0.0 0,0.0 0,0.0 0,0.0 0,0.0 0,0.0 0,0.0 0,0.0 0,0.0 0,0.0 0,0.0 0,0.0 0,0.0 0,0.0 0,0.0 0,0.0 0,0.0 0,0.0 0,0.0 0,0.0 0,0.0 0,0.0 0,0.0 0,0.0 0,0.0 0,0.0 0,0.0 0,0.0 0,0.0 0,0.0 0,0.0 0,0.0 0,0.0 0,0.0 0,0.0 0,
0.0 0,0.0 0,0.0 0,0.0 0,0.0 0,0.0 0,0.0 0,0.0 0,0.0 0,0.0 0,0.0 0,0.0 0,0.0 0,0.0 0,0.0 0,0.0 0,0.0 0,0.0 0,0.0 0,0.0 0,0.0 0,0.0 0,0.0 0,0.0 0,0.0 0,0.0 0,0.0 0,0.0 0,0.0 0,0.0 0,0.0 0,0.0 0,0.0 0,0.0 0,0.0 0,0.0 0,0.0 0,0.0 0,0.0 0,0.0 0,
0.0 0,0.0 0,0.0 0,0.0 0,0.0 0,0.0 0,0.0 0,0.0 0,0.0 0,0.0 0,180.0 4,0.0 0,0.0 0,0.0 0,86.66666666666667 6,0.0 0,0.0 0,0.0 0,0.0 0,0.0 0,0.0 0,0.0 0,0.0 0,0.0 0,0.0 0,0.0 0,-184.36363636363632 110,0.0 0,0.0 0,0.0 0,0.0 0,0.0 0,0.0 0,0.0 0,0.0 0,0.0 0,0.0 0,0.0 0,0.0 0,0.0 0,
0.0 0,0.0 0,0.0 0,0.0 0,108.23529411764706 34,0.0 0,0.0 0,0.0 0,129.37499999999994 256,0.0 0,0.0 0,0.0 0,0.0 0,0.0 0,0.0 0,0.0 0,0.0 0,0.0 0,0.0 0,0.0 0,65.06024096385545 166,0.0 0,0.0 0,0.0 0,0.0 0,0.0 0,0.0 0,0.0 0,0.0 0,0.0 0,0.0 0,0.0 0,0.0 0,0.0 0,0.0 0,0.0 0,0.0 0,0.0 0,0.0 0,0.0 0,
0.0 0,0.0 0,0.0 0,0.0 0,0.0 0,0.0 0,117.04918032786885 366,0.0 0,0.0 0,0.0 0,105.35211267605632 568,0.0 0,0.0 0,0.0 0,0.0 0,0.0 0,0.0 0,0.0 0,0.0 0,0.0 0,0.0 0,0.0 0,41.18811881188119 404,0.0 0,0.0 0,0.0 0,0.0 0,0.0 0,0.0 0,0.0 0,0.0 0,0.0 0,0.0 0,0.0 0,0.0 0,0.0 0,0.0 0,0.0 0,0.0 0,0.0 0,
0.0 0,0.0 0,0.0 0,0.0 0,0.0 0,0.0 0,0.0 0,0.0 0,0.0 0,0.0 0,0.0 0,0.0 0,0.0 0,0.0 0,0.0 0,0.0 0,0.0 0,0.0 0,0.0 0,0.0 0,0.0 0,0.0 0,0.0 0,0.0 0,0.0 0,0.0 0,0.0 0,0.0 0,0.0 0,0.0 0,0.0 0,0.0 0,0.0 0,0.0 0,0.0 0,0.0 0,0.0 0,0.0 0,0.0 0,0.0 0,
0.0 0,0.0 0,0.0 0,0.0 0,0.0 0,0.0 0,0.0 0,0.0 0,0.0 0,0.0 0,0.0 0,0.0 0,0.0 0,0.0 0,0.0 0,0.0 0,0.0 0,0.0 0,0.0 0,0.0 0,0.0 0,0.0 0,0.0 0,0.0 0,0.0 0,0.0 0,0.0 0,0.0 0,0.0 0,0.0 0,0.0 0,0.0 0,0.0 0,0.0 0,0.0 0,0.0 0,0.0 0,0.0 0,0.0 0,0.0 0,
0.0 0,0.0 0,0.0 0,0.0 0,0.0 0,0.0 0,0.0 0,0.0 0,0.0 0,0.0 0,0.0 0,0.0 0,-36.36363636363637 22,0.0 0,0.0 0,0.0 0,88.69565217391305 46,0.0 0,0.0 0,0.0 0,-146.84563758389265 298,0.0 0,0.0 0,0.0 0,-166.51465798045604 614,0.0 0,0.0 0,0.0 0,0.0 0,0.0 0,0.0 0,0.0 0,0.0 0,0.0 0,0.0 0,0.0 0,0.0 0,0.0 0,0.0 0,0.0 0,
0.0 0,0.0 0,0.0 0,0.0 0,0.0 0,0.0 0,0.0 0,0.0 0,0.0 0,0.0 0,0.0 0,0.0 0,0.0 0,0.0 0,0.0 0,0.0 0,0.0 0,0.0 0,0.0 0,0.0 0,0.0 0,0.0 0,0.0 0,0.0 0,0.0 0,0.0 0,0.0 0,0.0 0,0.0 0,0.0 0,0.0 0,0.0 0,0.0 0,0.0 0,0.0 0,0.0 0,0.0 0,0.0 0,0.0 0,0.0 0,
0.0 0,0.0 0,0.0 0,0.0 0,0.0 0,0.0 0,0.0 0,0.0 0,0.0 0,0.0 0,0.0 0,0.0 0,0.0 0,0.0 0,0.0 0,0.0 0,0.0 0,0.0 0,0.0 0,0.0 0,0.0 0,0.0 0,0.0 0,0.0 0,0.0 0,0.0 0,0.0 0,0.0 0,0.0 0,0.0 0,0.0 0,0.0 0,0.0 0,0.0 0,0.0 0,0.0 0,0.0 0,0.0 0,0.0 0,0.0 0,
0.0 0,0.0 0,0.0 0,0.0 0,0.0 0,0.0 0,0.0 0,0.0 0,0.0 0,0.0 0,0.0 0,0.0 0,0.0 0,0.0 0,0.0 0,0.0 0,0.0 0,0.0 0,0.0 0,0.0 0,0.0 0,0.0 0,0.0 0,0.0 0,0.0 0,0.0 0,0.0 0,0.0 0,0.0 0,0.0 0,0.0 0,0.0 0,0.0 0,0.0 0,0.0 0,0.0 0,0.0 0,0.0 0,0.0 0,0.0 0,
0.0 0,0.0 0,0.0 0,0.0 0,0.0 0,0.0 0,0.0 0,0.0 0,0.0 0,0.0 0,0.0 0,0.0 0,0.0 0,0.0 0,0.0 0,0.0 0,0.0 0,0.0 0,0.0 0,0.0 0,0.0 0,0.0 0,0.0 0,0.0 0,0.0 0,0.0 0,0.0 0,0.0 0,0.0 0,0.0 0,0.0 0,0.0 0,0.0 0,0.0 0,0.0 0,0.0 0,0.0 0,0.0 0,0.0 0,0.0 0,
0.0 0,0.0 0,0.0 0,0.0 0,0.0 0,0.0 0,0.0 0,0.0 0,0.0 0,0.0 0,0.0 0,0.0 0,0.0 0,0.0 0,0.0 0,0.0 0,0.0 0,0.0 0,0.0 0,0.0 0,0.0 0,0.0 0,0.0 0,0.0 0,0.0 0,0.0 0,0.0 0,0.0 0,0.0 0,0.0 0,0.0 0,0.0 0,0.0 0,0.0 0,0.0 0,0.0 0,0.0 0,0.0 0,0.0 0,0.0 0,
0.0 0,0.0 0,0.0 0,0.0 0,0.0 0,0.0 0,0.0 0,0.0 0,70.65420560747661 214,0.0 0,0.0 0,0.0 0,79.16666666666667 288,0.0 0,0.0 0,0.0 0,0.0 0,0.0 0,0.0 0,0.0 0,0.0 0,0.0 0,0.0 0,0.0 0,-150.72463768115946 138,0.0 0,0.0 0,0.0 0,0.0 0,0.0 0,0.0 0,0.0 0,0.0 0,0.0 0,0.0 0,0.0 0,0.0 0,0.0 0,0.0 0,0.0 0,
0.0 0,0.0 0,0.0 0,0.0 0,0.0 0,0.0 0,0.0 0,0.0 0,0.0 0,0.0 0,74.91525423728814 708,0.0 0,0.0 0,0.0 0,84.97991967871486 1992,0.0 0,0.0 0,0.0 0,-145.38461538461542 104,0.0 0,0.0 0,0.0 0,-163.05084745762719 118,0.0 0,0.0 0,0.0 0,-151.39240506329122 316,0.0 0,0.0 0,0.0 0,0.0 0,0.0 0,0.0 0,0.0 0,0.0 0,0.0 0,0.0 0,0.0 0,0.0 0,0.0 0,
0.0 0,0.0 0,0.0 0,0.0 0,0.0 0,0.0 0,0.0 0,0.0 0,0.0 0,0.0 0,0.0 0,0.0 0,0.0 0,0.0 0,0.0 0,0.0 0,0.0 0,0.0 0,0.0 0,0.0 0,0.0 0,0.0 0,0.0 0,0.0 0,0.0 0,0.0 0,0.0 0,0.0 0,0.0 0,0.0 0,0.0 0,0.0 0,0.0 0,0.0 0,0.0 0,0.0 0,0.0 0,0.0 0,0.0 0,0.0 0,
0.0 0,0.0 0,0.0 0,0.0 0,0.0 0,0.0 0,0.0 0,0.0 0,0.0 0,0.0 0,0.0 0,0.0 0,0.0 0,0.0 0,0.0 0,0.0 0,0.0 0,0.0 0,0.0 0,0.0 0,0.0 0,0.0 0,0.0 0,0.0 0,0.0 0,0.0 0,0.0 0,0.0 0,0.0 0,0.0 0,0.0 0,0.0 0,0.0 0,0.0 0,0.0 0,0.0 0,0.0 0,0.0 0,0.0 0,0.0 0,
0.0 0,0.0 0,0.0 0,0.0 0,0.0 0,0.0 0,0.0 0,0.0 0,0.0 0,0.0 0,0.0 0,0.0 0,0.0 0,0.0 0,0.0 0,0.0 0,-70.60505002382097 4198,0.0 0,0.0 0,0.0 0,-125.86263555701576 6086,0.0 0,0.0 0,0.0 0,0.0 0,0.0 0,0.0 0,0.0 0,0.0 0,0.0 0,0.0 0,0.0 0,0.0 0,0.0 0,0.0 0,0.0 0,0.0 0,0.0 0,0.0 0,0.0 0,
0.0 0,0.0 0,0.0 0,0.0 0,0.0 0,0.0 0,0.0 0,0.0 0,0.0 0,0.0 0,0.0 0,0.0 0,0.0 0,0.0 0,0.0 0,0.0 0,0.0 0,0.0 0,60.0 6,0.0 0,0.0 0,0.0 0,0.0 0,0.0 0,0.0 0,0.0 0,0.0 0,0.0 0,0.0 0,0.0 0,0.0 0,0.0 0,0.0 0,0.0 0,0.0 0,0.0 0,0.0 0,0.0 0,0.0 0,0.0 0,
0.0 0,0.0 0,0.0 0,0.0 0,0.0 0,0.0 0,0.0 0,0.0 0,0.0 0,0.0 0,0.0 0,0.0 0,0.0 0,0.0 0,0.0 0,0.0 0,0.0 0,0.0 0,0.0 0,0.0 0,0.0 0,0.0 0,0.0 8,0.0 0,0.0 0,0.0 0,0.0 0,0.0 0,0.0 0,0.0 0,0.0 0,0.0 0,0.0 0,0.0 0,0.0 0,0.0 0,0.0 0,0.0 0,0.0 0,0.0 0,
0.0 0,0.0 0,0.0 0,0.0 0,0.0 0,0.0 0,0.0 0,0.0 0,0.0 0,0.0 0,0.0 0,0.0 0,0.0 0,0.0 0,0.0 0,0.0 0,0.0 0,0.0 0,0.0 0,0.0 0,0.0 0,0.0 0,0.0 0,0.0 0,0.0 0,0.0 0,0.0 0,0.0 0,0.0 0,0.0 0,0.0 0,0.0 0,0.0 0,0.0 0,0.0 0,0.0 0,0.0 0,0.0 0,0.0 0,0.0 0,
0.0 0,0.0 0,0.0 0,0.0 0,0.0 0,0.0 0,0.0 0,0.0 0,0.0 0,0.0 0,0.0 0,0.0 0,0.0 0,0.0 0,0.0 0,0.0 0,0.0 0,0.0 0,0.0 0,0.0 0,0.0 0,0.0 0,0.0 0,0.0 0,0.0 0,0.0 0,0.0 0,0.0 0,0.0 0,0.0 0,0.0 0,0.0 0,0.0 0,0.0 0,0.0 0,0.0 0,0.0 0,0.0 0,0.0 0,0.0 0,
0.0 0,0.0 0,0.0 0,0.0 0,0.0 0,0.0 0,0.0 0,0.0 0,0.0 0,0.0 0,0.0 0,0.0 0,0.0 0,0.0 0,0.0 0,0.0 0,0.0 0,0.0 0,0.0 0,0.0 0,0.0 0,0.0 0,220.0 2,0.0 0,0.0 0,0.0 0,0.0 0,0.0 0,0.0 0,0.0 0,0.0 0,0.0 0,0.0 0,0.0 0,-340.0 4,0.0 0,0.0 0,0.0 0,0.0 0,0.0 0,
0.0 0,0.0 0,0.0 0,0.0 0,0.0 0,0.0 0,0.0 0,0.0 0,80.0 6,0.0 0,0.0 0,0.0 0,0.0 0,0.0 0,0.0 0,0.0 0,0.0 0,0.0 0,0.0 0,0.0 0,85.71428571428571 14,0.0 0,0.0 0,0.0 0,0.0 0,0.0 0,0.0 0,0.0 0,0.0 0,0.0 0,0.0 0,0.0 0,0.0 0,0.0 0,0.0 0,0.0 0,0.0 0,0.0 0,0.0 0,0.0 0,
0.0 0,0.0 0,0.0 0,0.0 0,0.0 0,0.0 0,0.0 0,0.0 0,80.0 16,0.0 0,0.0 0,0.0 0,120.0 4,0.0 0,0.0 0,0.0 0,0.0 0,0.0 0,0.0 0,0.0 0,0.0 0,0.0 0,0.0 0,0.0 0,186.66666666666666 54,0.0 0,0.0 0,0.0 0,0.0 0,0.0 0,0.0 0,0.0 0,0.0 0,0.0 0,0.0 0,0.0 0,0.0 0,0.0 0,0.0 0,0.0 0,
0.0 0,0.0 0,0.0 0,0.0 0,0.0 0,0.0 0,0.0 0,0.0 0,0.0 0,0.0 0,0.0 0,0.0 0,0.0 0,0.0 0,0.0 0,0.0 0,0.0 0,0.0 0,0.0 0,0.0 0,0.0 0,0.0 0,0.0 0,0.0 0,0.0 0,0.0 0,0.0 0,0.0 0,0.0 0,0.0 0,0.0 0,0.0 0,0.0 0,0.0 0,0.0 0,0.0 0,0.0 0,0.0 0,0.0 0,0.0 0,
0.0 0,0.0 0,0.0 0,0.0 0,0.0 0,0.0 0,0.0 0,0.0 0,0.0 0,0.0 0,0.0 0,0.0 0,0.0 0,0.0 0,0.0 0,0.0 0,0.0 0,0.0 0,0.0 0,0.0 0,0.0 0,0.0 0,0.0 0,0.0 0,0.0 0,0.0 0,0.0 0,0.0 0,0.0 0,0.0 0,0.0 0,0.0 0,0.0 0,0.0 0,0.0 0,0.0 0,0.0 0,0.0 0,0.0 0,0.0 0,
0.0 0,0.0 0,0.0 0,0.0 0,0.0 0,0.0 0,0.0 0,0.0 0,0.0 0,0.0 0,0.0 0,0.0 0,0.0 0,0.0 0,0.0 0,0.0 0,0.0 0,0.0 0,0.0 0,0.0 0,200.0 2,0.0 0,0.0 0,0.0 0,0.0 0,0.0 0,0.0 0,0.0 0,0.0 0,0.0 0,0.0 0,0.0 0,-320.0 12,0.0 0,0.0 0,0.0 0,0.0 0,0.0 0,0.0 0,0.0 0,
0.0 0,0.0 0,0.0 0,0.0 0,0.0 0,0.0 0,0.0 0,0.0 0,0.0 0,0.0 0,0.0 0,0.0 0,0.0 0,0.0 0,0.0 0,0.0 0,0.0 0,0.0 0,0.0 0,0.0 0,0.0 0,0.0 0,0.0 0,0.0 0,0.0 0,0.0 0,0.0 0,0.0 0,0.0 0,0.0 0,0.0 0,0.0 0,0.0 0,0.0 0,0.0 0,0.0 0,0.0 0,0.0 0,0.0 0,0.0 0,
0.0 0,0.0 0,0.0 0,0.0 0,0.0 0,0.0 0,0.0 0,0.0 0,0.0 0,0.0 0,0.0 0,0.0 0,0.0 0,0.0 0,0.0 0,0.0 0,0.0 0,0.0 0,0.0 0,0.0 0,0.0 0,0.0 0,0.0 0,0.0 0,0.0 0,0.0 0,0.0 0,0.0 0,0.0 0,0.0 0,0.0 0,0.0 0,0.0 0,0.0 0,0.0 0,0.0 0,0.0 0,0.0 0,0.0 0,0.0 0,
0.0 0,0.0 0,0.0 0,0.0 0,0.0 0,0.0 0,0.0 0,0.0 0,0.0 0,0.0 0,0.0 0,0.0 0,0.0 0,0.0 0,0.0 0,0.0 0,0.0 0,0.0 0,0.0 0,0.0 0,0.0 0,0.0 0,0.0 0,0.0 0,0.0 0,0.0 0,0.0 0,0.0 0,0.0 0,0.0 0,0.0 0,0.0 0,0.0 0,0.0 0,0.0 0,0.0 0,0.0 0,0.0 0,0.0 0,0.0 0,
0.0 0,0.0 0,0.0 0,0.0 0,0.0 0,0.0 0,0.0 0,0.0 0,0.0 0,0.0 0,0.0 0,0.0 0,0.0 0,0.0 0,0.0 0,0.0 0,0.0 0,0.0 0,0.0 0,0.0 0,0.0 0,0.0 0,0.0 0,0.0 0,0.0 0,0.0 0,0.0 0,0.0 0,0.0 0,0.0 0,0.0 0,0.0 0,0.0 0,0.0 0,0.0 0,0.0 0,0.0 0,0.0 0,0.0 0,0.0 0,
0.0 0,0.0 0,0.0 0,0.0 0,0.0 0,0.0 0,0.0 0,0.0 0,0.0 0,0.0 0,0.0 0,0.0 0,0.0 0,0.0 0,0.0 0,0.0 0,0.0 0,0.0 0,0.0 0,0.0 0,0.0 0,0.0 0,0.0 0,0.0 0,0.0 0,0.0 0,0.0 0,0.0 0,0.0 0,0.0 0,0.0 0,0.0 0,0.0 0,0.0 0,0.0 0,0.0 0,0.0 0,0.0 0,0.0 0,0.0 0,
0.0 0,0.0 0,0.0 0,0.0 0,0.0 0,0.0 0,0.0 0,0.0 0,0.0 0,0.0 0,0.0 0,0.0 0,0.0 0,0.0 0,0.0 0,0.0 0,0.0 0,0.0 0,0.0 0,0.0 0,0.0 0,0.0 0,0.0 0,0.0 0,0.0 0,0.0 0,0.0 0,0.0 0,0.0 0,0.0 0,0.0 0,0.0 0,0.0 0,0.0 0,0.0 0,0.0 0,0.0 0,0.0 0,0.0 0,0.0 0,
0.0 0,0.0 0,0.0 0,0.0 0,0.0 0,0.0 0,0.0 0,0.0 0,0.0 0,0.0 0,0.0 0,0.0 0,0.0 0,0.0 0,0.0 0,0.0 0,0.0 0,0.0 0,0.0 0,0.0 0,0.0 0,0.0 0,0.0 0,0.0 0,0.0 0,0.0 0,0.0 0,0.0 0,0.0 0,0.0 0,0.0 0,0.0 0,0.0 0,0.0 0,0.0 0,0.0 0,0.0 0,0.0 0,0.0 0,0.0 0,
0.0 0,0.0 0,0.0 0,0.0 0,0.0 0,0.0 0,0.0 0,0.0 0,0.0 0,0.0 0,0.0 0,0.0 0,0.0 0,0.0 0,0.0 0,0.0 0,0.0 0,0.0 0,0.0 0,0.0 0,0.0 0,0.0 0,0.0 0,0.0 0,0.0 0,0.0 0,0.0 0,0.0 0,0.0 0,0.0 0,0.0 0,0.0 0,0.0 0,0.0 0,0.0 0,0.0 0,0.0 0,0.0 0,0.0 0,0.0 0,
0.0 0,0.0 0,0.0 0,0.0 0,0.0 0,0.0 0,0.0 0,0.0 0,0.0 0,0.0 0,0.0 0,0.0 0,0.0 0,0.0 0,0.0 0,0.0 0,0.0 0,0.0 0,0.0 0,0.0 0,0.0 0,0.0 0,0.0 0,0.0 0,0.0 0,0.0 0,0.0 0,0.0 0,0.0 0,0.0 0,0.0 0,0.0 0,0.0 0,0.0 0,0.0 0,0.0 0,0.0 0,0.0 0,0.0 0,0.0 0,
0.0 0,0.0 0,0.0 0,0.0 0,0.0 0,0.0 0,0.0 0,0.0 0,0.0 0,0.0 0,0.0 0,0.0 0,0.0 0,0.0 0,0.0 0,0.0 0,0.0 0,0.0 0,0.0 0,0.0 0,0.0 0,0.0 0,0.0 0,0.0 0,0.0 0,0.0 0,0.0 0,0.0 0,0.0 0,0.0 0,0.0 0,0.0 0,0.0 0,0.0 0,0.0 0,0.0 0,0.0 0,0.0 0,0.0 0,0.0 0,
0.0 0,0.0 0,0.0 0,0.0 0,0.0 0,0.0 0,0.0 0,0.0 0,0.0 0,0.0 0,0.0 0,0.0 0,0.0 0,0.0 0,0.0 0,0.0 0,0.0 0,0.0 0,0.0 0,0.0 0,0.0 0,0.0 0,0.0 0,0.0 0,0.0 0,0.0 0,0.0 0,0.0 0,0.0 0,0.0 0,0.0 0,0.0 0,0.0 0,0.0 0,0.0 0,0.0 0,0.0 0,0.0 0,0.0 0,0.0 0,
0.0 0,0.0 0,0.0 0,0.0 0,0.0 0,0.0 0,0.0 0,0.0 0,0.0 0,0.0 0,0.0 0,0.0 0,0.0 0,0.0 0,0.0 0,0.0 0,0.0 0,0.0 0,0.0 0,0.0 0,0.0 0,0.0 0,0.0 0,0.0 0,0.0 0,0.0 0,0.0 0,0.0 0,0.0 0,0.0 0,0.0 0,0.0 0,0.0 0,0.0 0,0.0 0,0.0 0,0.0 0,0.0 0,0.0 0,0.0 0,
0.0 0,0.0 0,0.0 0,0.0 0,0.0 0,0.0 0,0.0 0,0.0 0,0.0 0,0.0 0,0.0 0,0.0 0,0.0 0,0.0 0,0.0 0,0.0 0,0.0 0,0.0 0,0.0 0,0.0 0,0.0 0,0.0 0,0.0 0,0.0 0,0.0 0,0.0 0,0.0 0,0.0 0,0.0 0,0.0 0,0.0 0,0.0 0,0.0 0,0.0 0,0.0 0,0.0 0,0.0 0,0.0 0,0.0 0,0.0 0,
0.0 0,0.0 0,0.0 0,0.0 0,0.0 0,0.0 0,0.0 0,0.0 0,0.0 0,0.0 0,100.0 2,0.0 0,0.0 0,0.0 0,0.0 0,0.0 0,0.0 0,0.0 0,0.0 0,0.0 0,0.0 0,0.0 0,0.0 0,0.0 0,0.0 0,0.0 0,-260.0 2,0.0 0,0.0 0,0.0 0,0.0 0,0.0 0,0.0 0,0.0 0,0.0 0,0.0 0,0.0 0,0.0 0,0.0 0,0.0 0,
0.0 0,0.0 0,0.0 0,0.0 0,0.0 0,0.0 0,0.0 0,0.0 0,0.0 0,0.0 0,0.0 0,0.0 0,0.0 0,0.0 0,0.0 0,0.0 0,0.0 0,0.0 0,0.0 0,0.0 0,0.0 0,0.0 0,0.0 0,0.0 0,0.0 0,0.0 0,260.0 2,0.0 0,0.0 0,0.0 0,0.0 0,0.0 0,0.0 0,0.0 0,0.0 0,0.0 0,0.0 0,0.0 0,0.0 0,0.0 0,
0.0 0,0.0 0,0.0 0,0.0 0,0.0 0,0.0 0,0.0 0,0.0 0,0.0 0,0.0 0,0.0 0,0.0 0,0.0 0,0.0 0,0.0 0,0.0 0,0.0 0,0.0 0,0.0 0,0.0 0,0.0 0,0.0 0,0.0 0,0.0 0,0.0 0,0.0 0,0.0 0,0.0 0,0.0 0,0.0 0,0.0 0,0.0 0,0.0 0,0.0 0,0.0 0,0.0 0,0.0 0,0.0 0,0.0 0,0.0 0,
0.0 0,0.0 0,0.0 0,0.0 0,0.0 0,0.0 0,0.0 0,0.0 0,0.0 0,0.0 0,0.0 0,0.0 0,0.0 0,0.0 0,0.0 0,0.0 0,0.0 0,0.0 0,0.0 0,0.0 0,0.0 0,0.0 0,0.0 0,0.0 0,0.0 0,0.0 0,0.0 0,0.0 0,0.0 0,0.0 0,0.0 0,0.0 0,0.0 0,0.0 0,0.0 0,0.0 0,0.0 0,0.0 0,0.0 0,0.0 0,
0.0 0,0.0 0,0.0 0,0.0 0,40.0 2,0.0 0,0.0 0,0.0 0,80.0 8,0.0 0,0.0 0,0.0 0,0.0 0,0.0 0,0.0 0,0.0 0,0.0 0,0.0 0,0.0 0,0.0 0,107.6923076923077 26,0.0 0,0.0 0,0.0 0,0.0 0,0.0 0,-225.33333333333334 60,0.0 0,0.0 0,0.0 0,0.0 0,0.0 0,0.0 0,0.0 0,0.0 0,0.0 0,0.0 0,0.0 0,0.0 0,0.0 0,
0.0 0,0.0 0,0.0 0,0.0 0,0.0 0,0.0 0,0.0 0,0.0 0,80.0 8,0.0 0,0.0 0,0.0 0,120.0 46,0.0 0,0.0 0,0.0 0,0.0 0,0.0 0,0.0 0,0.0 0,0.0 0,0.0 0,0.0 0,0.0 0,123.07692307692302 156,0.0 0,0.0 0,0.0 0,0.0 0,0.0 0,0.0 0,0.0 0,0.0 0,0.0 0,0.0 0,0.0 0,0.0 0,0.0 0,0.0 0,0.0 0,
0.0 0,0.0 0,0.0 0,0.0 0,0.0 0,0.0 0,0.0 0,0.0 0,0.0 0,0.0 0,0.0 0,0.0 0,0.0 0,0.0 0,0.0 0,0.0 0,0.0 0,0.0 0,0.0 0,0.0 0,0.0 0,0.0 0,0.0 0,0.0 0,0.0 0,0.0 0,0.0 0,0.0 0,0.0 0,0.0 0,0.0 0,0.0 0,0.0 0,0.0 0,0.0 0,0.0 0,0.0 0,0.0 0,0.0 0,0.0 0,
0.0 0,0.0 0,0.0 0,0.0 0,0.0 0,0.0 0,0.0 0,0.0 0,0.0 0,0.0 0,0.0 0,0.0 0,0.0 0,0.0 0,0.0 0,0.0 0,0.0 0,0.0 0,0.0 0,0.0 0,0.0 0,0.0 0,0.0 0,0.0 0,0.0 0,0.0 0,0.0 0,0.0 0,0.0 0,0.0 0,0.0 0,0.0 0,0.0 0,0.0 0,0.0 0,0.0 0,0.0 0,0.0 0,0.0 0,0.0 0,
0.0 0,0.0 0,0.0 0,0.0 0,0.0 0,0.0 0,0.0 0,0.0 0,0.0 0,0.0 0,0.0 0,0.0 0,0.0 0,0.0 0,0.0 0,0.0 0,0.0 0,0.0 0,0.0 0,0.0 0,200.0 6,0.0 0,0.0 0,0.0 0,0.0 0,0.0 0,0.0 0,0.0 0,40.0 14,0.0 0,0.0 0,0.0 0,38.4 50,0.0 0,0.0 0,0.0 0,0.0 0,0.0 0,0.0 0,0.0 0,
0.0 0,0.0 0,0.0 0,0.0 0,0.0 0,0.0 0,0.0 0,0.0 0,0.0 0,0.0 0,0.0 0,0.0 0,0.0 0,0.0 0,0.0 0,0.0 0,0.0 0,0.0 0,0.0 0,0.0 0,0.0 0,0.0 0,0.0 0,0.0 0,0.0 0,0.0 0,0.0 0,0.0 0,0.0 0,0.0 0,0.0 0,0.0 0,0.0 0,0.0 0,0.0 0,0.0 0,0.0 0,0.0 0,0.0 0,0.0 0,
0.0 0,0.0 0,0.0 0,0.0 0,0.0 0,0.0 0,60.0 4,0.0 0,0.0 0,0.0 0,90.47619047619047 42,0.0 0,0.0 0,0.0 0,0.0 0,0.0 0,0.0 0,0.0 0,0.0 0,0.0 0,0.0 0,0.0 0,131.99999999999986 190,0.0 0,0.0 0,0.0 0,0.0 0,0.0 0,0.0 0,0.0 0,0.0 0,0.0 0,0.0 0,0.0 0,0.0 0,0.0 0,0.0 0,0.0 0,0.0 0,0.0 0,
0.0 0,0.0 0,0.0 0,0.0 0,0.0 0,0.0 0,0.0 0,0.0 0,0.0 0,0.0 0,85.36585365853661 82,0.0 0,0.0 0,0.0 0,140.0 50,0.0 0,0.0 0,0.0 0,97.71428571428571 70,0.0 0,0.0 0,0.0 0,109.23076923076928 286,0.0 0,0.0 0,0.0 0,0.0 0,0.0 0,0.0 0,0.0 0,0.0 0,0.0 0,0.0 0,0.0 0,0.0 0,0.0 0,0.0 0,0.0 0,0.0 0,0.0 0,
0.0 0,0.0 0,0.0 0,0.0 0,0.0 0,0.0 0,0.0 0,0.0 0,0.0 0,0.0 0,0.0 0,0.0 0,0.0 0,0.0 0,0.0 0,0.0 0,0.0 0,0.0 0,0.0 0,0.0 0,0.0 0,0.0 0,0.0 0,0.0 0,0.0 0,0.0 0,0.0 0,0.0 0,0.0 0,0.0 0,0.0 0,0.0 0,0.0 0,0.0 0,0.0 0,0.0 0,0.0 0,0.0 0,0.0 0,0.0 0,
0.0 0,0.0 0,0.0 0,0.0 0,0.0 0,0.0 0,0.0 0,0.0 0,0.0 0,0.0 0,0.0 0,0.0 0,0.0 0,0.0 0,0.0 0,0.0 0,0.0 0,0.0 0,0.0 0,0.0 0,0.0 0,0.0 0,0.0 0,0.0 0,0.0 0,0.0 0,0.0 0,0.0 0,0.0 0,0.0 0,0.0 0,0.0 0,0.0 0,0.0 0,0.0 0,0.0 0,0.0 0,0.0 0,0.0 0,0.0 0,
0.0 0,0.0 0,0.0 0,0.0 0,0.0 0,0.0 0,0.0 0,0.0 0,0.0 0,0.0 0,0.0 0,0.0 0,0.0 0,0.0 0,0.0 0,0.0 0,0.0 0,0.0 0,0.0 0,0.0 0,0.0 0,0.0 0,73.33333333333333 12,0.0 0,0.0 0,0.0 0,-28.888888888888882 162,0.0 0,0.0 0,0.0 0,0.0 0,0.0 0,0.0 0,0.0 0,0.0 0,0.0 0,0.0 0,0.0 0,0.0 0,0.0 0,
0.0 0,0.0 0,0.0 0,0.0 0,0.0 0,0.0 0,0.0 0,0.0 0,0.0 0,0.0 0,0.0 0,0.0 0,0.0 0,0.0 0,0.0 0,0.0 0,0.0 0,0.0 0,0.0 0,0.0 0,0.0 0,0.0 0,0.0 0,0.0 0,0.0 0,0.0 0,0.0 0,0.0 0,0.0 0,0.0 0,0.0 0,0.0 0,0.0 0,0.0 0,0.0 0,0.0 0,0.0 0,0.0 0,0.0 0,0.0 0,
0.0 0,0.0 0,0.0 0,0.0 0,0.0 0,0.0 0,0.0 0,0.0 0,0.0 0,0.0 0,0.0 0,0.0 0,0.0 0,0.0 0,0.0 0,0.0 0,0.0 0,0.0 0,0.0 0,0.0 0,0.0 0,0.0 0,0.0 0,0.0 0,0.0 0,0.0 0,0.0 0,0.0 0,0.0 0,0.0 0,0.0 0,0.0 0,0.0 0,0.0 0,0.0 0,0.0 0,0.0 0,0.0 0,0.0 0,0.0 0,
0.0 0,0.0 0,0.0 0,0.0 0,0.0 0,0.0 0,0.0 0,0.0 0,0.0 0,0.0 0,0.0 0,0.0 0,0.0 0,0.0 0,0.0 0,0.0 0,0.0 0,0.0 0,0.0 0,0.0 0,0.0 0,0.0 0,0.0 0,0.0 0,0.0 0,0.0 0,0.0 0,0.0 0,0.0 0,0.0 0,0.0 0,0.0 0,0.0 0,0.0 0,0.0 0,0.0 0,0.0 0,0.0 0,0.0 0,0.0 0,
0.0 0,0.0 0,0.0 0,0.0 0,0.0 0,0.0 0,0.0 0,0.0 0,0.0 0,0.0 0,0.0 0,0.0 0,0.0 0,0.0 0,0.0 0,0.0 0,0.0 0,0.0 0,0.0 0,0.0 0,0.0 0,0.0 0,0.0 0,0.0 0,0.0 0,0.0 0,0.0 0,0.0 0,0.0 0,0.0 0,0.0 0,0.0 0,0.0 0,0.0 0,0.0 0,0.0 0,0.0 0,0.0 0,0.0 0,0.0 0,
0.0 0,0.0 0,0.0 0,0.0 0,0.0 0,0.0 0,0.0 0,0.0 0,0.0 0,0.0 0,0.0 0,0.0 0,0.0 0,0.0 0,0.0 0,0.0 0,0.0 0,0.0 0,0.0 0,0.0 0,0.0 0,0.0 0,0.0 0,0.0 0,0.0 0,0.0 0,0.0 0,0.0 0,0.0 0,0.0 0,0.0 0,0.0 0,0.0 0,0.0 0,0.0 0,0.0 0,0.0 0,0.0 0,0.0 0,0.0 0,
0.0 0,0.0 0,0.0 0,0.0 0,0.0 0,0.0 0,0.0 0,0.0 0,0.0 0,0.0 0,0.0 0,0.0 0,0.0 0,0.0 0,0.0 0,0.0 0,0.0 0,0.0 0,0.0 0,0.0 0,0.0 0,0.0 0,0.0 0,0.0 0,0.0 0,0.0 0,0.0 0,0.0 0,0.0 0,0.0 0,0.0 0,0.0 0,0.0 0,0.0 0,0.0 0,0.0 0,0.0 0,0.0 0,0.0 0,0.0 0,
0.0 0,0.0 0,0.0 0,0.0 0,0.0 0,0.0 0,0.0 0,0.0 0,0.0 0,0.0 0,0.0 0,0.0 0,0.0 0,0.0 0,0.0 0,0.0 0,0.0 0,0.0 0,0.0 0,0.0 0,0.0 0,0.0 0,0.0 0,0.0 0,0.0 0,0.0 0,0.0 0,0.0 0,0.0 0,0.0 0,0.0 0,0.0 0,0.0 0,0.0 0,0.0 0,0.0 0,0.0 0,0.0 0,0.0 0,0.0 0,
0.0 0,0.0 0,0.0 0,0.0 0,0.0 0,0.0 0,0.0 0,0.0 0,0.0 0,0.0 0,0.0 0,0.0 0,0.0 0,0.0 0,0.0 0,0.0 0,0.0 0,0.0 0,0.0 0,0.0 0,0.0 0,0.0 0,0.0 0,0.0 0,0.0 0,0.0 0,0.0 0,0.0 0,0.0 0,0.0 0,0.0 0,0.0 0,0.0 0,0.0 0,0.0 0,0.0 0,0.0 0,0.0 0,0.0 0,0.0 0,
0.0 0,0.0 0,0.0 0,0.0 0,0.0 0,0.0 0,0.0 0,0.0 0,0.0 0,0.0 0,0.0 0,0.0 0,0.0 0,0.0 0,0.0 0,0.0 0,0.0 0,0.0 0,0.0 0,0.0 0,0.0 0,0.0 0,0.0 0,0.0 0,0.0 0,0.0 0,0.0 0,0.0 0,0.0 0,0.0 0,0.0 0,0.0 0,0.0 0,0.0 0,0.0 0,0.0 0,0.0 0,0.0 0,0.0 0,0.0 0,
0.0 0,0.0 0,0.0 0,0.0 0,0.0 0,0.0 0,0.0 0,0.0 0,0.0 0,0.0 0,0.0 0,0.0 0,0.0 0,0.0 0,0.0 0,0.0 0,0.0 0,0.0 0,0.0 0,0.0 0,0.0 0,0.0 0,0.0 0,0.0 0,0.0 0,0.0 0,0.0 0,0.0 0,0.0 0,0.0 0,0.0 0,0.0 0,0.0 0,0.0 0,0.0 0,0.0 0,0.0 0,0.0 0,0.0 0,0.0 0,
0.0 0,0.0 0,0.0 0,0.0 0,0.0 0,0.0 0,0.0 0,0.0 0,0.0 0,0.0 0,0.0 0,0.0 0,0.0 0,0.0 0,0.0 0,0.0 0,0.0 0,0.0 0,0.0 0,0.0 0,0.0 0,0.0 0,0.0 0,0.0 0,0.0 0,0.0 0,0.0 0,0.0 0,0.0 0,0.0 0,0.0 0,0.0 0,0.0 0,0.0 0,0.0 0,0.0 0,0.0 0,0.0 0,0.0 0,0.0 0,
0.0 0,0.0 0,0.0 0,0.0 0,0.0 0,0.0 0,0.0 0,0.0 0,0.0 0,0.0 0,0.0 0,0.0 0,0.0 0,0.0 0,0.0 0,0.0 0,0.0 0,0.0 0,0.0 0,0.0 0,0.0 0,0.0 0,0.0 0,0.0 0,0.0 0,0.0 0,0.0 0,0.0 0,0.0 0,0.0 0,0.0 0,0.0 0,0.0 0,0.0 0,0.0 0,0.0 0,0.0 0,0.0 0,0.0 0,0.0 0,
0.0 0,0.0 0,0.0 0,0.0 0,0.0 0,0.0 0,0.0 0,0.0 0,0.0 0,0.0 0,0.0 0,0.0 0,40.0 6,0.0 0,0.0 0,0.0 0,0.0 0,0.0 0,0.0 0,0.0 0,0.0 4,0.0 0,0.0 0,0.0 0,240.0 8,0.0 0,0.0 0,0.0 0,0.0 0,0.0 0,0.0 0,0.0 0,0.0 0,0.0 0,0.0 0,0.0 0,0.0 0,0.0 0,0.0 0,0.0 0,
0.0 0,0.0 0,0.0 0,0.0 0,0.0 0,0.0 0,0.0 0,0.0 0,0.0 0,0.0 0,0.0 0,0.0 0,0.0 0,0.0 0,0.0 0,0.0 0,80.0 8,0.0 0,0.0 0,0.0 0,0.0 16,0.0 0,0.0 0,0.0 0,0.0 0,0.0 0,0.0 0,0.0 0,0.0 0,0.0 0,0.0 0,0.0 0,0.0 0,0.0 0,0.0 0,0.0 0,0.0 0,0.0 0,0.0 0,0.0 0,
0.0 0,0.0 0,0.0 0,0.0 0,0.0 0,0.0 0,0.0 0,0.0 0,0.0 0,0.0 0,0.0 0,0.0 0,0.0 0,0.0 0,0.0 0,0.0 0,0.0 0,0.0 0,0.0 0,0.0 0,-200.0 12,0.0 0,0.0 0,0.0 0,-215.3846153846154 156,0.0 0,0.0 0,0.0 0,0.0 0,0.0 0,0.0 0,0.0 0,0.0 0,0.0 0,0.0 0,0.0 0,0.0 0,0.0 0,0.0 0,0.0 0,
0.0 0,0.0 0,0.0 0,0.0 0,0.0 0,0.0 0,0.0 0,0.0 0,0.0 0,0.0 0,0.0 0,0.0 0,0.0 0,0.0 0,0.0 0,0.0 0,0.0 0,0.0 0,0.0 0,0.0 0,0.0 0,0.0 0,0.0 0,0.0 0,-183.4146341463414 492,0.0 0,0.0 0,0.0 0,0.0 0,0.0 0,0.0 0,0.0 0,0.0 0,0.0 0,0.0 0,0.0 0,0.0 0,0.0 0,0.0 0,0.0 0,
0.0 0,0.0 0,0.0 0,0.0 0,0.0 0,0.0 0,0.0 0,0.0 0,0.0 0,0.0 0,0.0 0,0.0 0,0.0 0,0.0 0,0.0 0,0.0 0,0.0 0,0.0 0,0.0 0,0.0 0,0.0 0,0.0 0,0.0 0,0.0 0,0.0 0,0.0 0,0.0 0,0.0 0,0.0 0,0.0 0,0.0 0,0.0 0,0.0 0,0.0 0,0.0 0,0.0 0,0.0 0,0.0 0,0.0 0,0.0 0,
0.0 0,0.0 0,0.0 0,0.0 0,0.0 0,0.0 0,0.0 0,0.0 0,0.0 0,0.0 0,0.0 0,0.0 0,0.0 0,0.0 0,0.0 0,0.0 0,0.0 0,0.0 0,0.0 0,0.0 0,0.0 0,0.0 0,0.0 0,0.0 0,0.0 0,0.0 0,0.0 0,0.0 0,0.0 0,0.0 0,0.0 0,0.0 0,0.0 0,0.0 0,0.0 0,0.0 0,0.0 0,0.0 0,0.0 0,0.0 0,
0.0 0,0.0 0,0.0 0,0.0 0,0.0 0,0.0 0,0.0 0,0.0 0,0.0 0,0.0 0,0.0 0,0.0 0,0.0 0,0.0 0,0.0 0,0.0 0,0.0 0,0.0 0,0.0 0,0.0 0,0.0 0,0.0 0,0.0 0,0.0 0,0.0 0,0.0 0,0.0 0,0.0 0,0.0 0,0.0 0,0.0 0,0.0 0,0.0 0,0.0 0,0.0 0,0.0 0,0.0 0,0.0 0,0.0 0,0.0 0,
0.0 0,0.0 0,0.0 0,0.0 0,0.0 0,0.0 0,0.0 0,0.0 0,0.0 0,0.0 0,0.0 0,0.0 0,0.0 0,0.0 0,0.0 0,0.0 0,0.0 0,0.0 0,0.0 0,0.0 0,0.0 0,0.0 0,0.0 0,0.0 0,0.0 0,0.0 0,0.0 0,0.0 0,0.0 0,0.0 0,0.0 0,0.0 0,0.0 0,0.0 0,0.0 0,0.0 0,0.0 0,0.0 0,0.0 0,0.0 0,
0.0 0,0.0 0,0.0 0,0.0 0,0.0 0,0.0 0,0.0 0,0.0 0,0.0 0,0.0 0,0.0 0,0.0 0,0.0 0,0.0 0,0.0 0,0.0 0,0.0 0,0.0 0,0.0 0,0.0 0,0.0 0,0.0 0,0.0 0,0.0 0,0.0 0,0.0 0,0.0 0,0.0 0,0.0 0,0.0 0,0.0 0,0.0 0,0.0 0,0.0 0,0.0 0,0.0 0,0.0 0,0.0 0,0.0 0,0.0 0,
0.0 0,0.0 0,0.0 0,0.0 0,0.0 0,0.0 0,0.0 0,0.0 0,0.0 0,0.0 0,0.0 0,0.0 0,0.0 0,0.0 0,0.0 0,0.0 0,0.0 0,0.0 0,0.0 0,0.0 0,0.0 0,0.0 0,0.0 0,0.0 0,0.0 0,0.0 0,0.0 0,0.0 0,0.0 0,0.0 0,0.0 0,0.0 0,0.0 0,0.0 0,0.0 0,0.0 0,0.0 0,0.0 0,0.0 0,0.0 0,
0.0 0,0.0 0,0.0 0,0.0 0,0.0 0,0.0 0,0.0 0,0.0 0,0.0 0,0.0 0,0.0 0,0.0 0,0.0 0,0.0 0,0.0 0,0.0 0,0.0 0,0.0 0,0.0 0,0.0 0,0.0 0,0.0 0,0.0 0,0.0 0,0.0 0,0.0 0,0.0 0,0.0 0,0.0 0,0.0 0,0.0 0,0.0 0,0.0 0,0.0 0,0.0 0,0.0 0,0.0 0,0.0 0,0.0 0,0.0 0,
0.0 0,0.0 0,0.0 0,0.0 0,0.0 0,0.0 0,0.0 0,0.0 0,0.0 0,0.0 0,0.0 0,0.0 0,0.0 0,0.0 0,0.0 0,0.0 0,0.0 0,0.0 0,0.0 0,0.0 0,0.0 0,0.0 0,0.0 0,0.0 0,0.0 0,0.0 0,0.0 0,0.0 0,0.0 0,0.0 0,0.0 0,0.0 0,0.0 0,0.0 0,0.0 0,0.0 0,0.0 0,0.0 0,0.0 0,0.0 0,
0.0 0,0.0 0,0.0 0,0.0 0,0.0 0,0.0 0,0.0 0,0.0 0,0.0 0,0.0 0,0.0 0,0.0 0,0.0 0,0.0 0,0.0 0,0.0 0,0.0 0,0.0 0,0.0 0,0.0 0,0.0 0,0.0 0,0.0 0,0.0 0,0.0 0,0.0 0,0.0 0,0.0 0,0.0 0,0.0 0,0.0 0,0.0 0,0.0 0,0.0 0,0.0 0,0.0 0,0.0 0,0.0 0,0.0 0,0.0 0,
0.0 0,0.0 0,0.0 0,0.0 0,0.0 0,0.0 0,0.0 0,0.0 0,0.0 0,0.0 0,0.0 0,0.0 0,0.0 0,0.0 0,0.0 0,0.0 0,0.0 0,0.0 0,0.0 0,0.0 0,0.0 0,0.0 0,0.0 0,0.0 0,0.0 0,0.0 0,0.0 0,0.0 0,0.0 0,0.0 0,0.0 0,0.0 0,0.0 0,0.0 0,0.0 0,0.0 0,0.0 0,0.0 0,0.0 0,0.0 0,
0.0 0,0.0 0,0.0 0,0.0 0,0.0 0,0.0 0,0.0 0,0.0 0,0.0 0,0.0 0,0.0 0,0.0 0,0.0 0,0.0 0,0.0 0,0.0 0,0.0 0,0.0 0,0.0 0,0.0 0,0.0 0,0.0 0,0.0 0,0.0 0,0.0 0,0.0 0,0.0 0,0.0 0,0.0 0,0.0 0,0.0 0,0.0 0,0.0 0,0.0 0,0.0 0,0.0 0,0.0 0,0.0 0,0.0 0,0.0 0,
0.0 0,0.0 0,0.0 0,0.0 0,0.0 0,0.0 0,0.0 0,0.0 0,0.0 0,0.0 0,0.0 0,0.0 0,0.0 0,0.0 0,0.0 0,0.0 0,0.0 0,0.0 0,0.0 0,0.0 0,0.0 0,0.0 0,0.0 0,0.0 0,0.0 0,0.0 0,0.0 0,0.0 0,0.0 0,0.0 0,0.0 0,0.0 0,0.0 0,0.0 0,0.0 0,0.0 0,0.0 0,0.0 0,0.0 0,0.0 0,
0.0 0,0.0 0,0.0 0,0.0 0,0.0 0,0.0 0,0.0 0,0.0 0,0.0 0,0.0 0,0.0 0,0.0 0,0.0 0,0.0 0,0.0 0,0.0 0,0.0 0,0.0 0,0.0 0,0.0 0,0.0 0,0.0 0,0.0 0,0.0 0,0.0 0,0.0 0,0.0 0,0.0 0,0.0 0,0.0 0,0.0 0,0.0 0,0.0 0,0.0 0,0.0 0,0.0 0,0.0 0,0.0 0,0.0 0,0.0 0,
0.0 0,0.0 0,0.0 0,0.0 0,0.0 0,0.0 0,0.0 0,0.0 0,0.0 0,0.0 0,0.0 0,0.0 0,0.0 0,0.0 0,0.0 0,0.0 0,0.0 0,0.0 0,0.0 0,0.0 0,0.0 0,0.0 0,0.0 0,0.0 0,0.0 0,0.0 0,0.0 0,0.0 0,0.0 0,0.0 0,0.0 0,0.0 0,0.0 0,0.0 0,0.0 0,0.0 0,0.0 0,0.0 0,0.0 0,0.0 0,
0.0 0,0.0 0,0.0 0,0.0 0,0.0 0,0.0 0,0.0 0,0.0 0,0.0 0,0.0 0,0.0 0,0.0 0,0.0 0,0.0 0,0.0 0,0.0 0,0.0 0,0.0 0,0.0 0,0.0 0,0.0 0,0.0 0,0.0 0,0.0 0,0.0 0,0.0 0,0.0 0,0.0 0,0.0 0,0.0 0,0.0 0,0.0 0,0.0 0,0.0 0,0.0 0,0.0 0,0.0 0,0.0 0,0.0 0,0.0 0,
0.0 0,0.0 0,0.0 0,0.0 0,0.0 0,0.0 0,0.0 0,0.0 0,0.0 0,0.0 0,0.0 0,0.0 0,0.0 0,0.0 0,0.0 0,0.0 0,0.0 0,0.0 0,0.0 0,0.0 0,0.0 0,0.0 0,0.0 0,0.0 0,0.0 0,0.0 0,0.0 0,0.0 0,0.0 0,0.0 0,0.0 0,0.0 0,0.0 0,0.0 0,0.0 0,0.0 0,0.0 0,0.0 0,0.0 0,0.0 0,
0.0 0,0.0 0,0.0 0,0.0 0,0.0 0,0.0 0,0.0 0,0.0 0,0.0 0,0.0 0,0.0 0,0.0 0,0.0 0,0.0 0,0.0 0,0.0 0,0.0 0,0.0 0,0.0 0,0.0 0,0.0 0,0.0 0,0.0 0,0.0 0,0.0 0,0.0 0,0.0 0,0.0 0,0.0 0,0.0 0,0.0 0,0.0 0,0.0 0,0.0 0,0.0 0,0.0 0,0.0 0,0.0 0,0.0 0,0.0 0,
0.0 0,0.0 0,0.0 0,0.0 0,0.0 0,0.0 0,0.0 0,0.0 0,0.0 0,0.0 0,0.0 0,0.0 0,0.0 0,0.0 0,0.0 0,0.0 0,0.0 0,0.0 0,0.0 0,0.0 0,0.0 0,0.0 0,0.0 0,0.0 0,0.0 0,0.0 0,0.0 0,0.0 0,0.0 0,0.0 0,0.0 0,0.0 0,0.0 0,0.0 0,0.0 0,0.0 0,0.0 0,0.0 0,0.0 0,0.0 0,
0.0 0,0.0 0,0.0 0,0.0 0,0.0 0,0.0 0,0.0 0,0.0 0,0.0 0,0.0 0,0.0 0,0.0 0,0.0 0,0.0 0,0.0 0,0.0 0,0.0 0,0.0 0,0.0 0,0.0 0,0.0 0,0.0 0,0.0 0,0.0 0,0.0 0,0.0 0,0.0 0,0.0 0,0.0 0,0.0 0,0.0 0,0.0 0,0.0 0,0.0 0,0.0 0,0.0 0,0.0 0,0.0 0,0.0 0,0.0 0,
0.0 0,0.0 0,0.0 0,0.0 0,0.0 0,0.0 0,0.0 0,0.0 0,0.0 0,0.0 0,0.0 0,0.0 0,0.0 0,0.0 0,0.0 0,0.0 0,0.0 0,0.0 0,0.0 0,0.0 0,0.0 0,0.0 0,0.0 0,0.0 0,0.0 0,0.0 0,0.0 0,0.0 0,0.0 0,0.0 0,0.0 0,0.0 0,0.0 0,0.0 0,0.0 0,0.0 0,0.0 0,0.0 0,0.0 0,0.0 0,
0.0 0,0.0 0,0.0 0,0.0 0,0.0 0,0.0 0,0.0 0,0.0 0,0.0 0,0.0 0,0.0 0,0.0 0,0.0 0,0.0 0,0.0 0,0.0 0,0.0 0,0.0 0,0.0 0,0.0 0,0.0 0,0.0 0,0.0 0,0.0 0,0.0 0,0.0 0,0.0 0,0.0 0,0.0 0,0.0 0,0.0 0,0.0 0,0.0 0,0.0 0,0.0 0,0.0 0,0.0 0,0.0 0,0.0 0,0.0 0,
0.0 0,0.0 0,0.0 0,0.0 0,0.0 0,0.0 0,0.0 0,0.0 0,0.0 0,0.0 0,0.0 0,0.0 0,0.0 0,0.0 0,0.0 0,0.0 0,0.0 0,0.0 0,0.0 0,0.0 0,0.0 0,0.0 0,0.0 0,0.0 0,0.0 0,0.0 0,0.0 0,0.0 0,0.0 0,0.0 0,0.0 0,0.0 0,0.0 0,0.0 0,0.0 0,0.0 0,0.0 0,0.0 0,0.0 0,0.0 0,
0.0 0,0.0 0,0.0 0,0.0 0,0.0 0,0.0 0,0.0 0,0.0 0,0.0 0,0.0 0,0.0 0,0.0 0,0.0 0,0.0 0,0.0 0,0.0 0,0.0 0,0.0 0,0.0 0,0.0 0,0.0 0,0.0 0,0.0 0,0.0 0,0.0 0,0.0 0,0.0 0,0.0 0,0.0 0,0.0 0,0.0 0,0.0 0,0.0 0,0.0 0,0.0 0,0.0 0,0.0 0,0.0 0,0.0 0,0.0 0,
0.0 0,0.0 0,0.0 0,0.0 0,0.0 0,0.0 0,0.0 0,0.0 0,0.0 0,0.0 0,0.0 0,0.0 0,0.0 0,0.0 0,0.0 0,0.0 0,0.0 0,0.0 0,0.0 0,0.0 0,0.0 0,0.0 0,0.0 0,0.0 0,0.0 0,0.0 0,0.0 0,0.0 0,0.0 0,0.0 0,0.0 0,0.0 0,0.0 0,0.0 0,0.0 0,0.0 0,0.0 0,0.0 0,0.0 0,0.0 0,
0.0 0,0.0 0,0.0 0,0.0 0,0.0 0,0.0 0,0.0 0,0.0 0,0.0 0,0.0 0,0.0 0,0.0 0,0.0 0,0.0 0,0.0 0,0.0 0,0.0 0,0.0 0,0.0 0,0.0 0,0.0 0,0.0 0,0.0 0,0.0 0,0.0 0,0.0 0,0.0 0,0.0 0,0.0 0,0.0 0,0.0 0,0.0 0,0.0 0,0.0 0,0.0 0,0.0 0,0.0 0,0.0 0,0.0 0,0.0 0,
0.0 0,0.0 0,0.0 0,0.0 0,0.0 0,0.0 0,0.0 0,0.0 0,0.0 0,0.0 0,0.0 0,0.0 0,0.0 0,0.0 0,0.0 0,0.0 0,0.0 0,0.0 0,0.0 0,0.0 0,0.0 0,0.0 0,0.0 0,0.0 0,0.0 0,0.0 0,0.0 0,0.0 0,0.0 0,0.0 0,0.0 0,0.0 0,0.0 0,0.0 0,0.0 0,0.0 0,0.0 0,0.0 0,0.0 0,0.0 0,
0.0 0,0.0 0,0.0 0,0.0 0,0.0 0,0.0 0,0.0 0,0.0 0,0.0 0,0.0 0,0.0 0,0.0 0,0.0 0,0.0 0,0.0 0,0.0 0,0.0 0,0.0 0,0.0 0,0.0 0,0.0 0,0.0 0,0.0 0,0.0 0,0.0 0,0.0 0,0.0 0,0.0 0,0.0 0,0.0 0,0.0 0,0.0 0,0.0 0,0.0 0,0.0 0,0.0 0,0.0 0,0.0 0,0.0 0,0.0 0,
0.0 0,0.0 0,0.0 0,0.0 0,0.0 0,0.0 0,0.0 0,0.0 0,0.0 0,0.0 0,0.0 0,0.0 0,0.0 0,0.0 0,0.0 0,0.0 0,0.0 0,0.0 0,0.0 0,0.0 0,0.0 0,0.0 0,0.0 0,0.0 0,0.0 0,0.0 0,0.0 0,0.0 0,0.0 0,0.0 0,0.0 0,0.0 0,0.0 0,0.0 0,0.0 0,0.0 0,0.0 0,0.0 0,0.0 0,0.0 0,
0.0 0,0.0 0,0.0 0,0.0 0,0.0 0,0.0 0,0.0 0,0.0 0,44.44444444444444 18,0.0 0,0.0 0,0.0 0,95.38461538461539 78,0.0 0,0.0 0,0.0 0,0.0 0,0.0 0,0.0 0,0.0 0,0.0 0,0.0 0,0.0 0,0.0 0,65.45454545454548 44,0.0 0,0.0 0,0.0 0,0.0 0,0.0 0,0.0 0,0.0 0,0.0 0,0.0 0,0.0 0,0.0 0,0.0 0,0.0 0,0.0 0,0.0 0,
0.0 0,0.0 0,0.0 0,0.0 0,0.0 0,0.0 0,0.0 0,0.0 0,0.0 0,0.0 0,0.0 0,0.0 0,114.54545454545455 88,0.0 0,0.0 0,0.0 0,154.66666666666666 120,0.0 0,0.0 0,0.0 0,40.0 20,0.0 0,0.0 0,0.0 0,-52.17391304347826 46,0.0 0,0.0 0,0.0 0,-60.869565217391305 46,0.0 0,0.0 0,0.0 0,0.0 0,0.0 0,0.0 0,0.0 0,0.0 0,0.0 0,0.0 0,0.0 0,
0.0 0,0.0 0,0.0 0,0.0 0,0.0 0,0.0 0,0.0 0,0.0 0,0.0 0,0.0 0,0.0 0,0.0 0,0.0 0,0.0 0,0.0 0,0.0 0,0.0 0,0.0 0,0.0 0,0.0 0,0.0 0,0.0 0,0.0 0,0.0 0,0.0 0,0.0 0,0.0 0,0.0 0,0.0 0,0.0 0,0.0 0,0.0 0,0.0 0,0.0 0,0.0 0,0.0 0,0.0 0,0.0 0,0.0 0,0.0 0,
0.0 0,0.0 0,0.0 0,0.0 0,0.0 0,0.0 0,0.0 0,0.0 0,0.0 0,0.0 0,0.0 0,0.0 0,0.0 0,0.0 0,0.0 0,0.0 0,0.0 0,0.0 0,0.0 0,0.0 0,0.0 0,0.0 0,0.0 0,0.0 0,0.0 0,0.0 0,0.0 0,0.0 0,0.0 0,0.0 0,0.0 0,0.0 0,0.0 0,0.0 0,0.0 0,0.0 0,0.0 0,0.0 0,0.0 0,0.0 0,
0.0 0,0.0 0,0.0 0,0.0 0,0.0 0,0.0 0,0.0 0,0.0 0,0.0 0,0.0 0,0.0 0,0.0 0,0.0 0,0.0 0,0.0 0,0.0 0,0.0 0,0.0 0,0.0 0,0.0 0,0.0 0,0.0 0,0.0 0,0.0 0,-80.0 54,0.0 0,0.0 0,0.0 0,-280.0 52,0.0 0,0.0 0,0.0 0,0.0 0,0.0 0,0.0 0,0.0 0,0.0 0,0.0 0,0.0 0,0.0 0,
0.0 0,0.0 0,0.0 0,0.0 0,0.0 0,0.0 0,0.0 0,0.0 0,0.0 0,0.0 0,0.0 0,0.0 0,0.0 0,0.0 0,0.0 0,0.0 0,0.0 0,0.0 0,0.0 0,0.0 0,0.0 0,0.0 0,0.0 0,0.0 0,0.0 0,0.0 0,0.0 0,0.0 0,0.0 0,0.0 0,0.0 0,0.0 0,0.0 0,0.0 0,0.0 0,0.0 0,0.0 0,0.0 0,0.0 0,0.0 0,
0.0 0,0.0 0,0.0 0,0.0 0,0.0 0,0.0 0,0.0 0,0.0 0,0.0 0,0.0 0,93.10344827586208 116,0.0 0,0.0 0,0.0 0,126.66666666666671 210,0.0 0,0.0 0,0.0 0,78.75 64,0.0 0,0.0 0,0.0 0,-1.522591576628786e-15 56,0.0 0,0.0 0,0.0 0,32.5 32,0.0 0,0.0 0,0.0 0,0.0 0,0.0 0,0.0 0,0.0 0,0.0 0,0.0 0,0.0 0,0.0 0,0.0 0,0.0 0,
0.0 0,0.0 0,0.0 0,0.0 0,0.0 0,0.0 0,0.0 0,0.0 0,0.0 0,0.0 0,0.0 0,0.0 0,0.0 0,0.0 0,130.58823529411768 714,0.0 0,0.0 0,0.0 0,100.21621621621621 370,0.0 0,0.0 0,0.0 0,0.0 0,0.0 0,0.0 0,0.0 0,39.8198198198198 222,0.0 0,0.0 0,0.0 0,0.0 0,0.0 0,0.0 0,0.0 0,0.0 0,0.0 0,0.0 0,0.0 0,0.0 0,0.0 0,
0.0 0,0.0 0,0.0 0,0.0 0,0.0 0,0.0 0,0.0 0,0.0 0,0.0 0,0.0 0,0.0 0,0.0 0,0.0 0,0.0 0,0.0 0,0.0 0,0.0 0,0.0 0,60.0 6,0.0 0,0.0 0,0.0 0,-208.1081081081081 74,0.0 0,0.0 0,0.0 0,0.0 0,0.0 0,0.0 0,0.0 0,0.0 0,0.0 0,0.0 0,0.0 0,0.0 0,0.0 0,0.0 0,0.0 0,0.0 0,0.0 0,
0.0 0,0.0 0,0.0 0,0.0 0,0.0 0,0.0 0,0.0 0,0.0 0,0.0 0,0.0 0,0.0 0,0.0 0,0.0 0,0.0 0,0.0 0,0.0 0,0.0 0,0.0 0,0.0 0,0.0 0,0.0 0,0.0 0,157.14285714285714 14,0.0 0,0.0 0,0.0 0,-215.42857142857142 70,0.0 0,0.0 0,0.0 0,0.0 0,0.0 0,0.0 0,0.0 0,0.0 0,0.0 0,0.0 0,0.0 0,0.0 0,0.0 0,
0.0 0,0.0 0,0.0 0,0.0 0,0.0 0,0.0 0,0.0 0,0.0 0,0.0 0,0.0 0,0.0 0,0.0 0,0.0 0,0.0 0,0.0 0,0.0 0,0.0 0,0.0 0,0.0 0,0.0 0,0.0 0,0.0 0,0.0 0,0.0 0,0.0 0,0.0 0,-190.0 208,0.0 0,0.0 0,0.0 0,0.0 0,0.0 0,0.0 0,0.0 0,0.0 0,0.0 0,0.0 0,0.0 0,0.0 0,0.0 0,
0.0 0,0.0 0,0.0 0,0.0 0,0.0 0,0.0 0,0.0 0,0.0 0,0.0 0,0.0 0,0.0 0,0.0 0,0.0 0,0.0 0,0.0 0,0.0 0,0.0 0,0.0 0,0.0 0,0.0 0,0.0 0,0.0 0,0.0 0,0.0 0,0.0 0,0.0 0,0.0 0,0.0 0,0.0 0,0.0 0,0.0 0,0.0 0,0.0 0,0.0 0,0.0 0,0.0 0,0.0 0,0.0 0,0.0 0,0.0 0,
0.0 0,0.0 0,0.0 0,0.0 0,0.0 0,0.0 0,0.0 0,0.0 0,0.0 0,0.0 0,0.0 0,0.0 0,0.0 0,0.0 0,0.0 0,0.0 0,0.0 0,0.0 0,0.0 0,0.0 0,0.0 0,0.0 0,0.0 0,0.0 0,0.0 0,0.0 0,0.0 0,0.0 0,0.0 0,0.0 0,0.0 0,0.0 0,0.0 0,0.0 0,0.0 0,0.0 0,0.0 0,0.0 0,0.0 0,0.0 0,
0.0 0,0.0 0,0.0 0,0.0 0,0.0 0,0.0 0,0.0 0,0.0 0,0.0 0,0.0 0,0.0 0,0.0 0,0.0 0,0.0 0,0.0 0,0.0 0,0.0 0,0.0 0,0.0 0,0.0 0,0.0 0,0.0 0,0.0 0,0.0 0,0.0 0,0.0 0,0.0 0,0.0 0,0.0 0,0.0 0,0.0 0,0.0 0,0.0 0,0.0 0,0.0 0,0.0 0,0.0 0,0.0 0,0.0 0,0.0 0,
0.0 0,0.0 0,0.0 0,0.0 0,0.0 0,0.0 0,0.0 0,0.0 0,0.0 0,0.0 0,0.0 0,0.0 0,0.0 0,0.0 0,0.0 0,0.0 0,0.0 0,0.0 0,0.0 0,0.0 0,0.0 0,0.0 0,0.0 0,0.0 0,0.0 0,0.0 0,0.0 0,0.0 0,0.0 0,0.0 0,0.0 0,0.0 0,0.0 0,0.0 0,0.0 0,0.0 0,0.0 0,0.0 0,0.0 0,0.0 0,
0.0 0,0.0 0,0.0 0,0.0 0,0.0 0,0.0 0,0.0 0,0.0 0,0.0 0,0.0 0,0.0 0,0.0 0,0.0 0,0.0 0,0.0 0,0.0 0,0.0 0,0.0 0,0.0 0,0.0 0,0.0 0,0.0 0,0.0 0,0.0 0,0.0 0,0.0 0,0.0 0,0.0 0,0.0 0,0.0 0,0.0 0,0.0 0,0.0 0,0.0 0,0.0 0,0.0 0,0.0 0,0.0 0,0.0 0,0.0 0,
0.0 0,0.0 0,0.0 0,0.0 0,0.0 0,0.0 0,0.0 0,0.0 0,0.0 0,0.0 0,0.0 0,0.0 0,0.0 0,0.0 0,0.0 0,0.0 0,0.0 0,0.0 0,0.0 0,0.0 0,0.0 0,0.0 0,0.0 0,0.0 0,0.0 0,0.0 0,0.0 0,0.0 0,0.0 0,0.0 0,0.0 0,0.0 0,0.0 0,0.0 0,0.0 0,0.0 0,0.0 0,0.0 0,0.0 0,0.0 0,
0.0 0,0.0 0,0.0 0,0.0 0,0.0 0,0.0 0,0.0 0,0.0 0,0.0 0,0.0 0,0.0 0,0.0 0,0.0 0,0.0 0,0.0 0,0.0 0,0.0 0,0.0 0,0.0 0,0.0 0,0.0 0,0.0 0,0.0 0,0.0 0,0.0 0,0.0 0,0.0 0,0.0 0,0.0 0,0.0 0,0.0 0,0.0 0,0.0 0,0.0 0,0.0 0,0.0 0,0.0 0,0.0 0,0.0 0,0.0 0,
0.0 0,0.0 0,0.0 0,0.0 0,0.0 0,0.0 0,0.0 0,0.0 0,0.0 0,0.0 0,0.0 0,0.0 0,0.0 0,0.0 0,0.0 0,0.0 0,0.0 0,0.0 0,0.0 0,0.0 0,0.0 0,0.0 0,0.0 0,0.0 0,0.0 0,0.0 0,0.0 0,0.0 0,0.0 0,0.0 0,0.0 0,0.0 0,0.0 0,0.0 0,0.0 0,0.0 0,0.0 0,0.0 0,0.0 0,0.0 0,
0.0 0,0.0 0,0.0 0,0.0 0,0.0 0,0.0 0,0.0 0,0.0 0,0.0 0,0.0 0,0.0 0,0.0 0,0.0 0,0.0 0,0.0 0,0.0 0,0.0 0,0.0 0,0.0 0,0.0 0,0.0 0,0.0 0,0.0 0,0.0 0,0.0 0,0.0 0,0.0 0,0.0 0,0.0 0,0.0 0,0.0 0,0.0 0,0.0 0,0.0 0,0.0 0,0.0 0,0.0 0,0.0 0,0.0 0,0.0 0,
0.0 0,0.0 0,0.0 0,0.0 0,0.0 0,0.0 0,0.0 0,0.0 0,0.0 0,0.0 0,0.0 0,0.0 0,0.0 0,0.0 0,0.0 0,0.0 0,0.0 0,0.0 0,0.0 0,0.0 0,0.0 0,0.0 0,0.0 0,0.0 0,0.0 0,0.0 0,0.0 0,0.0 0,0.0 0,0.0 0,0.0 0,0.0 0,0.0 0,0.0 0,0.0 0,0.0 0,0.0 0,0.0 0,0.0 0,0.0 0,
0.0 0,0.0 0,0.0 0,0.0 0,0.0 0,0.0 0,0.0 0,0.0 0,0.0 0,0.0 0,0.0 0,0.0 0,0.0 0,0.0 0,0.0 0,0.0 0,0.0 0,0.0 0,0.0 0,0.0 0,0.0 0,0.0 0,0.0 0,0.0 0,0.0 0,0.0 0,0.0 0,0.0 0,0.0 0,0.0 0,0.0 0,0.0 0,0.0 0,0.0 0,0.0 0,0.0 0,0.0 0,0.0 0,0.0 0,0.0 0,
0.0 0,0.0 0,0.0 0,0.0 0,0.0 0,0.0 0,0.0 0,0.0 0,0.0 0,0.0 0,0.0 0,0.0 0,0.0 0,0.0 0,0.0 0,0.0 0,0.0 0,0.0 0,0.0 0,0.0 0,0.0 0,0.0 0,0.0 0,0.0 0,0.0 0,0.0 0,0.0 0,0.0 0,0.0 0,0.0 0,0.0 0,0.0 0,0.0 0,0.0 0,0.0 0,0.0 0,0.0 0,0.0 0,0.0 0,0.0 0,
0.0 0,0.0 0,0.0 0,0.0 0,0.0 0,0.0 0,0.0 0,0.0 0,0.0 0,0.0 0,0.0 0,0.0 0,0.0 0,0.0 0,0.0 0,0.0 0,-64.29357798165152 2180,0.0 0,0.0 0,0.0 0,-119.13746630727763 742,0.0 0,0.0 0,0.0 0,0.0 0,0.0 0,0.0 0,0.0 0,0.0 0,0.0 0,0.0 0,0.0 0,0.0 0,0.0 0,0.0 0,0.0 0,0.0 0,0.0 0,0.0 0,0.0 0,
0.0 0,0.0 0,0.0 0,0.0 0,0.0 0,0.0 0,0.0 0,0.0 0,0.0 0,0.0 0,0.0 0,0.0 0,0.0 0,0.0 0,0.0 0,0.0 0,0.0 0,0.0 0,0.0 0,0.0 0,-144.12198721101834 4066,0.0 0,0.0 0,0.0 0,0.0 0,0.0 0,0.0 0,0.0 0,0.0 0,0.0 0,0.0 0,0.0 0,0.0 0,0.0 0,0.0 0,0.0 0,0.0 0,0.0 0,0.0 0,0.0 0,
0.0 0,0.0 0,0.0 0,0.0 0,0.0 0,0.0 0,0.0 0,0.0 0,0.0 0,0.0 0,0.0 0,0.0 0,0.0 0,0.0 0,0.0 0,0.0 0,0.0 0,0.0 0,0.0 0,0.0 0,0.0 0,0.0 0,0.0 0,0.0 0,0.0 0,0.0 0,0.0 0,0.0 0,0.0 0,0.0 0,0.0 0,0.0 0,0.0 0,0.0 0,0.0 0,0.0 0,0.0 0,0.0 0,0.0 0,0.0 0,
table2
0.0 0,0.0 0,51.44385026737968 187,0.0 0,70.69483568075101 2130,0.0 0,0.0 0,0.0 0,14.59390111516825 10133,0.0 0,0.0 0,0.0 0,0.0 0,0.0 0,0.0 0,0.0 0,0.0 0,0.0 0,0.0 0,0.0 0,0.0 0,0.0 0,0.0 0,0.0 0,0.0 0,0.0 0,0.0 0,0.0 0,0.0 0,0.0 0,0.0 0,0.0 0,0.0 0,0.0 0,0.0 0,0.0 0,0.0 0,0.0 0,0.0 0,0.0 0,
0.0 0,0.0 0,102.0 40,0.0 0,133.16455696202533 158,0.0 0,0.0 0,0.0 0,0.0 0,0.0 0,2.2222222222222303 108,0.0 0,0.0 0,0.0 0,0.0 0,0.0 0,0.0 0,0.0 0,0.0 0,0.0 0,0.0 0,0.0 0,0.0 0,0.0 0,0.0 0,0.0 0,0.0 0,0.0 0,0.0 0,0.0 0,0.0 0,0.0 0,0.0 0,0.0 0,0.0 0,0.0 0,0.0 0,0.0 0,0.0 0,0.0 0,
0.0 0,0.0 0,0.0 0,0.0 0,138.6407766990292 412,0.0 0,138.24675324675312 1232,0.0 0,0.0 0,0.0 0,0.0 0,0.0 0,10.041152263374482 972,0.0 0,0.0 0,0.0 0,0.0 0,0.0 0,0.0 0,0.0 0,0.0 0,0.0 0,0.0 0,0.0 0,0.0 0,0.0 0,0.0 0,0.0 0,0.0 0,0.0 0,0.0 0,0.0 0,0.0 0,0.0 0,0.0 0,0.0 0,0.0 0,0.0 0,0.0 0,0.0 0,
0.0 0,0.0 0,0.0 0,0.0 0,0.0 0,0.0 0,0.0 0,0.0 0,0.0 0,0.0 0,0.0 0,0.0 0,0.0 0,0.0 0,0.0 0,0.0 0,0.0 0,0.0 0,0.0 0,0.0 0,0.0 0,0.0 0,0.0 0,0.0 0,0.0 0,0.0 0,0.0 0,0.0 0,0.0 0,0.0 0,0.0 0,0.0 0,0.0 0,0.0 0,0.0 0,0.0 0,0.0 0,0.0 0,0.0 0,0.0 0,
0.0 0,0.0 0,0.0 0,0.0 0,0.0 0,0.0 0,0.0 0,0.0 0,84.09171075837743 1134,0.0 0,91.56589147286839 2580,0.0 0,0.0 0,0.0 0,0.0 0,0.0 0,-1.9920485457208803 9558,0.0 0,0.0 0,0.0 0,0.0 0,0.0 0,0.0 0,0.0 0,0.0 0,0.0 0,0.0 0,0.0 0,0.0 0,0.0 0,0.0 0,0.0 0,0.0 0,0.0 0,0.0 0,0.0 0,0.0 0,0.0 0,0.0 0,0.0 0,
0.0 0,0.0 0,148.0 10,0.0 0,0.0 0,0.0 0,77.14285714285714 14,0.0 0,0.0 0,0.0 0,0.0 0,0.0 0,0.0 0,0.0 0,0.0 0,0.0 0,0.0 0,0.0 0,213.33333333333334 12,0.0 0,0.0 0,0.0 0,0.0 0,0.0 0,0.0 0,0.0 0,0.0 0,0.0 0,0.0 0,0.0 0,0.0 0,0.0 0,0.0 0,0.0 0,0.0 0,0.0 0,0.0 0,0.0 0,0.0 0,0.0 0,
0.0 0,0.0 0,0.0 0,0.0 0,127.27272727272727 22,0.0 0,0.0 0,0.0 0,163.47826086956525 92,0.0 0,0.0 0,0.0 0,0.0 0,0.0 0,0.0 0,0.0 0,0.0 0,0.0 0,0.0 0,0.0 0,124.0 40,0.0 0,0.0 0,0.0 0,0.0 0,0.0 0,0.0 0,0.0 0,0.0 0,0.0 0,0.0 0,0.0 0,0.0 0,0.0 0,0.0 0,0.0 0,0.0 0,0.0 0,0.0 0,0.0 0,
0.0 0,0.0 0,0.0 0,0.0 0,0.0 0,0.0 0,0.0 0,0.0 0,0.0 0,0.0 0,0.0 0,0.0 0,0.0 0,0.0 0,0.0 0,0.0 0,0.0 0,0.0 0,0.0 0,0.0 0,0.0 0,0.0 0,0.0 0,0.0 0,0.0 0,0.0 0,0.0 0,0.0 0,0.0 0,0.0 0,0.0 0,0.0 0,0.0 0,0.0 0,0.0 0,0.0 0,0.0 0,0.0 0,0.0 0,0.0 0,
0.0 0,0.0 0,0.0 0,0.0 0,0.0 0,0.0 0,0.0 0,0.0 0,0.0 0,0.0 0,0.0 0,0.0 0,0.0 0,0.0 0,0.0 0,0.0 0,0.0 0,0.0 0,0.0 0,0.0 0,0.0 0,0.0 0,0.0 0,0.0 0,0.0 0,0.0 0,0.0 0,0.0 0,0.0 0,0.0 0,0.0 0,0.0 0,0.0 0,0.0 0,0.0 0,0.0 0,0.0 0,0.0 0,0.0 0,0.0 0,
0.0 0,0.0 0,0.0 0,0.0 0,0.0 0,0.0 0,0.0 0,0.0 0,0.0 0,0.0 0,-260.0 2,0.0 0,0.0 0,0.0 0,-260.0 2,0.0 0,0.0 0,0.0 0,0.0 0,0.0 0,0.0 0,0.0 0,0.0 0,0.0 0,0.0 0,0.0 0,-10.83333333333333 96,0.0 0,0.0 0,0.0 0,0.0 0,0.0 0,0.0 0,0.0 0,0.0 0,0.0 0,0.0 0,0.0 0,0.0 0,0.0 0,
0.0 0,0.0 0,0.0 0,0.0 0,114.78260869565216 46,0.0 0,0.0 0,0.0 0,157.60683760683756 234,0.0 0,0.0 0,0.0 0,0.0 0,0.0 0,0.0 0,0.0 0,0.0 0,0.0 0,0.0 0,0.0 0,156.25 128,0.0 0,0.0 0,0.0 0,0.0 0,0.0 0,0.0 0,0.0 0,0.0 0,0.0 0,0.0 0,0.0 0,0.0 0,0.0 0,0.0 0,0.0 0,0.0 0,0.0 0,0.0 0,0.0 0,
0.0 0,0.0 0,0.0 0,0.0 0,0.0 0,0.0 0,136.61016949152543 118,0.0 0,0.0 0,0.0 0,157.83606557377053 610,0.0 0,0.0 0,0.0 0,0.0 0,0.0 0,0.0 0,0.0 0,0.0 0,0.0 0,0.0 0,0.0 0,140.68181818181827 352,0.0 0,0.0 0,0.0 0,0.0 0,0.0 0,0.0 0,0.0 0,0.0 0,0.0 0,0.0 0,0.0 0,0.0 0,0.0 0,0.0 0,0.0 0,0.0 0,0.0 0,
0.0 0,0.0 0,0.0 0,0.0 0,0.0 0,0.0 0,0.0 0,0.0 0,0.0 0,0.0 0,0.0 0,0.0 0,0.0 0,0.0 0,0.0 0,0.0 0,0.0 0,0.0 0,0.0 0,0.0 0,0.0 0,0.0 0,0.0 0,0.0 0,0.0 0,0.0 0,0.0 0,0.0 0,0.0 0,0.0 0,0.0 0,0.0 0,0.0 0,0.0 0,0.0 0,0.0 0,0.0 0,0.0 0,0.0 0,0.0 0,
0.0 0,0.0 0,0.0 0,0.0 0,0.0 0,0.0 0,0.0 0,0.0 0,0.0 0,0.0 0,0.0 0,0.0 0,0.0 0,0.0 0,0.0 0,0.0 0,0.0 0,0.0 0,0.0 0,0.0 0,0.0 0,0.0 0,0.0 0,0.0 0,0.0 0,0.0 0,0.0 0,0.0 0,0.0 0,0.0 0,0.0 0,0.0 0,0.0 0,0.0 0,0.0 0,0.0 0,0.0 0,0.0 0,0.0 0,0.0 0,
0.0 0,0.0 0,0.0 0,0.0 0,0.0 0,0.0 0,0.0 0,0.0 0,0.0 0,0.0 0,0.0 0,0.0 0,142.22222222222223 36,0.0 0,0.0 0,0.0 0,168.88888888888889 36,0.0 0,0.0 0,0.0 0,29.473684210526322 152,0.0 0,0.0 0,0.0 0,18.691588785046722 642,0.0 0,0.0 0,0.0 0,0.0 0,0.0 0,0.0 0,0.0 0,0.0 0,0.0 0,0.0 0,0.0 0,0.0 0,0.0 0,0.0 0,0.0 0,
0.0 0,0.0 0,0.0 0,0.0 0,0.0 0,0.0 0,0.0 0,0.0 0,0.0 0,0.0 0,0.0 0,0.0 0,0.0 0,0.0 0,0.0 0,0.0 0,0.0 0,0.0 0,0.0 0,0.0 0,0.0 0,0.0 0,0.0 0,0.0 0,0.0 0,0.0 0,0.0 0,0.0 0,0.0 0,0.0 0,0.0 0,0.0 0,0.0 0,0.0 0,0.0 0,0.0 0,0.0 0,0.0 0,0.0 0,0.0 0,
0.0 0,0.0 0,0.0 0,0.0 0,0.0 0,0.0 0,0.0 0,0.0 0,0.0 0,0.0 0,0.0 0,0.0 0,0.0 0,0.0 0,0.0 0,0.0 0,0.0 0,0.0 0,0.0 0,0.0 0,0.0 0,0.0 0,0.0 0,0.0 0,0.0 0,0.0 0,0.0 0,0.0 0,0.0 0,0.0 0,0.0 0,0.0 0,0.0 0,0.0 0,0.0 0,0.0 0,0.0 0,0.0 0,0.0 0,0.0 0,
0.0 0,0.0 0,0.0 0,0.0 0,0.0 0,0.0 0,0.0 0,0.0 0,0.0 0,0.0 0,0.0 0,0.0 0,0.0 0,0.0 0,0.0 0,0.0 0,0.0 0,0.0 0,0.0 0,0.0 0,0.0 0,0.0 0,0.0 0,0.0 0,0.0 0,0.0 0,0.0 0,0.0 0,0.0 0,0.0 0,0.0 0,0.0 0,0.0 0,0.0 0,0.0 0,0.0 0,0.0 0,0.0 0,0.0 0,0.0 0,
0.0 0,0.0 0,0.0 0,0.0 0,0.0 0,0.0 0,0.0 0,0.0 0,0.0 0,0.0 0,0.0 0,0.0 0,0.0 0,0.0 0,0.0 0,0.0 0,0.0 0,0.0 0,0.0 0,0.0 0,0.0 0,0.0 0,0.0 0,0.0 0,0.0 0,0.0 0,0.0 0,0.0 0,0.0 0,0.0 0,0.0 0,0.0 0,0.0 0,0.0 0,0.0 0,0.0 0,0.0 0,0.0 0,0.0 0,0.0 0,
0.0 0,0.0 0,0.0 0,0.0 0,0.0 0,0.0 0,0.0 0,0.0 0,0.0 0,0.0 0,0.0 0,0.0 0,0.0 0,0.0 0,0.0 0,0.0 0,0.0 0,0.0 0,0.0 0,0.0 0,0.0 0,0.0 0,0.0 0,0.0 0,0.0 0,0.0 0,0.0 0,0.0 0,0.0 0,0.0 0,0.0 0,0.0 0,0.0 0,0.0 0,0.0 0,0.0 0,0.0 0,0.0 0,0.0 0,0.0 0,
0.0 0,0.0 0,0.0 0,0.0 0,0.0 0,0.0 0,0.0 0,0.0 0,75.55555555555556 108,0.0 0,0.0 0,0.0 0,117.61006289308176 636,0.0 0,0.0 0,0.0 0,0.0 0,0.0 0,0.0 0,0.0 0,0.0 0,0.0 0,0.0 0,0.0 0,-1.3953488372093077 172,0.0 0,0.0 0,0.0 0,0.0 0,0.0 0,0.0 0,0.0 0,0.0 0,0.0 0,0.0 0,0.0 0,0.0 0,0.0 0,0.0 0,0.0 0,
0.0 0,0.0 0,0.0 0,0.0 0,0.0 0,0.0 0,0.0 0,0.0 0,0.0 0,0.0 0,99.67078189300415 486,0.0 0,0.0 0,0.0 0,125.53763440860214 1488,0.0 0,0.0 0,0.0 0,2.880578658486893e-15 148,0.0 0,0.0 0,0.0 0,12.88888888888889 90,0.0 0,0.0 0,0.0 0,30.58823529411762 204,0.0 0,0.0 0,0.0 0,0.0 0,0.0 0,0.0 0,0.0 0,0.0 0,0.0 0,0.0 0,0.0 0,0.0 0,0.0 0,
0.0 0,0.0 0,0.0 0,0.0 0,0.0 0,0.0 0,0.0 0,0.0 0,0.0 0,0.0 0,0.0 0,0.0 0,0.0 0,0.0 0,0.0 0,0.0 0,0.0 0,0.0 0,0.0 0,0.0 0,0.0 0,0.0 0,0.0 0,0.0 0,0.0 0,0.0 0,0.0 0,0.0 0,0.0 0,0.0 0,0.0 0,0.0 0,0.0 0,0.0 0,0.0 0,0.0 0,0.0 0,0.0 0,0.0 0,0.0 0,
0.0 0,0.0 0,0.0 0,0.0 0,0.0 0,0.0 0,0.0 0,0.0 0,0.0 0,0.0 0,0.0 0,0.0 0,0.0 0,0.0 0,0.0 0,0.0 0,0.0 0,0.0 0,0.0 0,0.0 0,0.0 0,0.0 0,0.0 0,0.0 0,0.0 0,0.0 0,0.0 0,0.0 0,0.0 0,0.0 0,0.0 0,0.0 0,0.0 0,0.0 0,0.0 0,0.0 0,0.0 0,0.0 0,0.0 0,0.0 0,
0.0 0,0.0 0,0.0 0,0.0 0,0.0 0,0.0 0,0.0 0,0.0 0,0.0 0,0.0 0,0.0 0,0.0 0,0.0 0,0.0 0,0.0 0,0.0 0,15.492638731596827 3532,0.0 0,0.0 0,0.0 0,-22.42755144897104 4762,0.0 0,0.0 0,0.0 0,0.0 0,0.0 0,0.0 0,0.0 0,0.0 0,0.0 0,0.0 0,0.0 0,0.0 0,0.0 0,0.0 0,0.0 0,0.0 0,0.0 0,0.0 0,0.0 0,
0.0 0,0.0 0,20.0 2,0.0 0,0.0 0,0.0 0,0.0 0,0.0 0,0.0 0,0.0 0,0.0 0,0.0 0,0.0 0,0.0 0,0.0 0,0.0 0,0.0 0,0.0 0,180.0 4,0.0 0,0.0 0,0.0 0,0.0 0,0.0 0,0.0 0,0.0 0,0.0 0,0.0 0,0.0 0,0.0 0,0.0 0,0.0 0,0.0 0,0.0 0,0.0 0,0.0 0,0.0 0,0.0 0,0.0 0,0.0 0,
0.0 0,0.0 0,0.0 0,0.0 0,0.0 0,0.0 0,0.0 0,0.0 0,0.0 0,0.0 0,100.0 2,0.0 0,0.0 0,0.0 0,0.0 0,0.0 0,0.0 0,0.0 0,0.0 0,0.0 0,0.0 0,0.0 0,110.0 16,0.0 0,0.0 0,0.0 0,0.0 0,0.0 0,0.0 0,0.0 0,0.0 0,0.0 0,0.0 0,0.0 0,0.0 0,0.0 0,0.0 0,0.0 0,0.0 0,0.0 0,
0.0 0,0.0 0,0.0 0,0.0 0,0.0 0,0.0 0,0.0 0,0.0 0,0.0 0,0.0 0,0.0 0,0.0 0,0.0 0,0.0 0,0.0 0,0.0 0,0.0 0,0.0 0,0.0 0,0.0 0,0.0 0,0.0 0,0.0 0,0.0 0,0.0 0,0.0 0,0.0 0,0.0 0,0.0 0,0.0 0,0.0 0,0.0 0,0.0 0,0.0 0,0.0 0,0.0 0,0.0 0,0.0 0,0.0 0,0.0 0,
0.0 0,0.0 0,0.0 0,0.0 0,0.0 0,0.0 0,0.0 0,0.0 0,0.0 0,0.0 0,0.0 0,0.0 0,0.0 0,0.0 0,0.0 0,0.0 0,0.0 0,0.0 0,0.0 0,0.0 0,0.0 0,0.0 0,0.0 0,0.0 0,0.0 0,0.0 0,0.0 0,0.0 0,0.0 0,0.0 0,0.0 0,0.0 0,0.0 0,0.0 0,0.0 0,0.0 0,0.0 0,0.0 0,0.0 0,0.0 0,
0.0 0,0.0 0,0.0 0,0.0 0,0.0 0,0.0 0,0.0 0,0.0 0,0.0 0,0.0 0,0.0 0,0.0 0,0.0 0,0.0 0,0.0 0,0.0 0,0.0 0,0.0 0,0.0 0,0.0 0,0.0 0,0.0 0,0.0 0,0.0 0,0.0 0,0.0 0,0.0 0,0.0 0,0.0 0,0.0 0,0.0 0,0.0 0,0.0 0,0.0 0,340.0 6,0.0 0,0.0 0,0.0 0,0.0 0,0.0 0,
0.0 0,0.0 0,0.0 0,0.0 0,40.0 2,0.0 0,0.0 0,0.0 0,80.0 2,0.0 0,0.0 0,0.0 0,0.0 0,0.0 0,0.0 0,0.0 0,0.0 0,0.0 0,0.0 0,0.0 0,133.33333333333334 12,0.0 0,0.0 0,0.0 0,0.0 0,0.0 0,0.0 0,0.0 0,0.0 0,0.0 0,0.0 0,0.0 0,0.0 0,0.0 0,0.0 0,0.0 0,0.0 0,0.0 0,0.0 0,0.0 0,
0.0 0,0.0 0,0.0 0,0.0 0,0.0 0,0.0 0,0.0 0,0.0 0,0.0 0,0.0 0,0.0 0,0.0 0,120.0 24,0.0 0,0.0 0,0.0 0,0.0 0,0.0 0,0.0 0,0.0 0,0.0 0,0.0 0,0.0 0,0.0 0,151.57894736842107 76,0.0 0,0.0 0,0.0 0,0.0 0,0.0 0,0.0 0,0.0 0,0.0 0,0.0 0,0.0 0,0.0 0,0.0 0,0.0 0,0.0 0,0.0 0,
0.0 0,0.0 0,0.0 0,0.0 0,0.0 0,0.0 0,0.0 0,0.0 0,0.0 0,0.0 0,0.0 0,0.0 0,0.0 0,0.0 0,0.0 0,0.0 0,0.0 0,0.0 0,0.0 0,0.0 0,0.0 0,0.0 0,0.0 0,0.0 0,0.0 0,0.0 0,0.0 0,0.0 0,0.0 0,0.0 0,0.0 0,0.0 0,0.0 0,0.0 0,0.0 0,0.0 0,0.0 0,0.0 0,0.0 0,0.0 0,
0.0 0,0.0 0,0.0 0,0.0 0,0.0 0,0.0 0,0.0 0,0.0 0,0.0 0,0.0 0,0.0 0,0.0 0,0.0 0,0.0 0,0.0 0,0.0 0,0.0 0,0.0 0,0.0 0,0.0 0,0.0 0,0.0 0,0.0 0,0.0 0,0.0 0,0.0 0,0.0 0,0.0 0,0.0 0,0.0 0,0.0 0,0.0 0,0.0 0,0.0 0,0.0 0,0.0 0,0.0 0,0.0 0,0.0 0,0.0 0,
0.0 0,0.0 0,0.0 0,0.0 0,0.0 0,0.0 0,0.0 0,0.0 0,0.0 0,0.0 0,0.0 0,0.0 0,0.0 0,0.0 0,0.0 0,0.0 0,0.0 0,0.0 0,0.0 0,0.0 0,200.0 4,0.0 0,0.0 0,0.0 0,240.0 4,0.0 0,0.0 0,0.0 0,0.0 0,0.0 0,0.0 0,0.0 0,-64.0 10,0.0 0,0.0 0,0.0 0,0.0 0,0.0 0,0.0 0,0.0 0,
0.0 0,0.0 0,0.0 0,0.0 0,0.0 0,0.0 0,0.0 0,0.0 0,0.0 0,0.0 0,0.0 0,0.0 0,0.0 0,0.0 0,0.0 0,0.0 0,0.0 0,0.0 0,0.0 0,0.0 0,0.0 0,0.0 0,0.0 0,0.0 0,0.0 0,0.0 0,0.0 0,0.0 0,0.0 0,0.0 0,0.0 0,0.0 0,0.0 0,0.0 0,0.0 0,0.0 0,0.0 0,0.0 0,0.0 0,0.0 0,
0.0 0,0.0 0,0.0 0,0.0 0,0.0 0,0.0 0,0.0 0,0.0 0,0.0 0,0.0 0,0.0 0,0.0 0,0.0 0,0.0 0,0.0 0,0.0 0,0.0 0,0.0 0,0.0 0,0.0 0,0.0 0,0.0 0,0.0 0,0.0 0,0.0 0,0.0 0,0.0 0,0.0 0,0.0 0,0.0 0,0.0 0,0.0 0,0.0 0,0.0 0,0.0 0,0.0 0,0.0 0,0.0 0,0.0 0,0.0 0,
0.0 0,0.0 0,0.0 0,0.0 0,0.0 0,0.0 0,0.0 0,0.0 0,0.0 0,0.0 0,0.0 0,0.0 0,0.0 0,0.0 0,0.0 0,0.0 0,0.0 0,0.0 0,0.0 0,0.0 0,0.0 0,0.0 0,0.0 0,0.0 0,0.0 0,0.0 0,0.0 0,0.0 0,0.0 0,0.0 0,0.0 0,0.0 0,0.0 0,0.0 0,0.0 0,0.0 0,0.0 0,0.0 0,0.0 0,0.0 0,
0.0 0,0.0 0,0.0 0,0.0 0,0.0 0,0.0 0,0.0 0,0.0 0,0.0 0,0.0 0,0.0 0,0.0 0,0.0 0,0.0 0,0.0 0,0.0 0,0.0 0,0.0 0,0.0 0,0.0 0,0.0 0,0.0 0,0.0 0,0.0 0,0.0 0,0.0 0,0.0 0,0.0 0,0.0 0,0.0 0,0.0 0,0.0 0,0.0 0,0.0 0,0.0 0,0.0 0,0.0 0,0.0 0,0.0 0,0.0 0,
0.0 0,0.0 0,0.0 0,0.0 0,0.0 0,0.0 0,0.0 0,0.0 0,0.0 0,0.0 0,0.0 0,0.0 0,0.0 0,0.0 0,0.0 0,0.0 0,0.0 0,0.0 0,0.0 0,0.0 0,0.0 0,0.0 0,0.0 0,0.0 0,0.0 0,0.0 0,0.0 0,0.0 0,0.0 0,0.0 0,0.0 0,0.0 0,0.0 0,0.0 0,0.0 0,0.0 0,0.0 0,0.0 0,0.0 0,0.0 0,
0.0 0,0.0 0,0.0 0,0.0 0,0.0 0,0.0 0,0.0 0,0.0 0,0.0 0,0.0 0,0.0 0,0.0 0,0.0 0,0.0 0,0.0 0,0.0 0,0.0 0,0.0 0,0.0 0,0.0 0,0.0 0,0.0 0,0.0 0,0.0 0,0.0 0,0.0 0,0.0 0,0.0 0,0.0 0,0.0 0,0.0 0,0.0 0,0.0 0,0.0 0,0.0 0,0.0 0,0.0 0,0.0 0,0.0 0,0.0 0,
0.0 0,0.0 0,0.0 0,0.0 0,0.0 0,0.0 0,0.0 0,0.0 0,0.0 0,0.0 0,0.0 0,0.0 0,0.0 0,0.0 0,0.0 0,0.0 0,0.0 0,0.0 0,0.0 0,0.0 0,0.0 0,0.0 0,0.0 0,0.0 0,0.0 0,0.0 0,0.0 0,0.0 0,0.0 0,0.0 0,0.0 0,0.0 0,0.0 0,0.0 0,0.0 0,0.0 0,0.0 0,0.0 0,0.0 0,0.0 0,
0.0 0,0.0 0,0.0 0,0.0 0,0.0 0,0.0 0,0.0 0,0.0 0,0.0 0,0.0 0,0.0 0,0.0 0,0.0 0,0.0 0,0.0 0,0.0 0,0.0 0,0.0 0,0.0 0,0.0 0,0.0 0,0.0 0,0.0 0,0.0 0,0.0 0,0.0 0,0.0 0,0.0 0,0.0 0,0.0 0,0.0 0,0.0 0,0.0 0,0.0 0,0.0 0,0.0 0,0.0 0,0.0 0,0.0 0,0.0 0,
0.0 0,0.0 0,0.0 0,0.0 0,0.0 0,0.0 0,0.0 0,0.0 0,0.0 0,0.0 0,0.0 0,0.0 0,0.0 0,0.0 0,0.0 0,0.0 0,0.0 0,0.0 0,0.0 0,0.0 0,0.0 0,0.0 0,0.0 0,0.0 0,0.0 0,0.0 0,0.0 0,0.0 0,0.0 0,0.0 0,0.0 0,0.0 0,0.0 0,0.0 0,0.0 0,0.0 0,0.0 0,0.0 0,0.0 0,0.0 0,
0.0 0,0.0 0,0.0 0,0.0 0,0.0 0,0.0 0,0.0 0,0.0 0,0.0 0,0.0 0,0.0 0,0.0 0,0.0 0,0.0 0,0.0 0,0.0 0,0.0 0,0.0 0,0.0 0,0.0 0,0.0 0,0.0 0,0.0 0,0.0 0,0.0 0,0.0 0,0.0 0,0.0 0,0.0 0,0.0 0,0.0 0,0.0 0,0.0 0,0.0 0,0.0 0,0.0 0,0.0 0,0.0 0,0.0 0,0.0 0,
0.0 0,0.0 0,0.0 0,0.0 0,0.0 0,0.0 0,0.0 0,0.0 0,0.0 0,0.0 0,0.0 0,0.0 0,0.0 0,0.0 0,0.0 0,0.0 0,0.0 0,0.0 0,0.0 0,0.0 0,0.0 0,0.0 0,0.0 0,0.0 0,0.0 0,0.0 0,0.0 0,0.0 0,0.0 0,0.0 0,0.0 0,0.0 0,0.0 0,0.0 0,0.0 0,0.0 0,0.0 0,0.0 0,0.0 0,0.0 0,
0.0 0,0.0 0,0.0 0,0.0 0,0.0 0,0.0 0,0.0 0,0.0 0,0.0 0,0.0 0,0.0 0,0.0 0,0.0 0,0.0 0,0.0 0,0.0 0,0.0 0,0.0 0,0.0 0,0.0 0,0.0 0,0.0 0,0.0 0,0.0 0,0.0 0,0.0 0,0.0 0,0.0 0,0.0 0,0.0 0,0.0 0,0.0 0,0.0 0,0.0 0,0.0 0,0.0 0,0.0 0,0.0 0,0.0 0,0.0 0,
0.0 0,0.0 0,0.0 0,0.0 0,0.0 0,0.0 0,0.0 0,0.0 0,0.0 0,0.0 0,0.0 0,0.0 0,0.0 0,0.0 0,0.0 0,0.0 0,0.0 0,0.0 0,0.0 0,0.0 0,0.0 0,0.0 0,0.0 0,0.0 0,0.0 0,0.0 0,0.0 0,0.0 0,0.0 0,0.0 0,0.0 0,0.0 0,0.0 0,0.0 0,0.0 0,0.0 0,0.0 0,0.0 0,0.0 0,0.0 0,
0.0 0,0.0 0,0.0 0,0.0 0,0.0 0,0.0 0,0.0 0,0.0 0,0.0 0,0.0 0,0.0 0,0.0 0,0.0 0,0.0 0,0.0 0,0.0 0,0.0 0,0.0 0,0.0 0,0.0 0,0.0 0,0.0 0,0.0 0,0.0 0,0.0 0,0.0 0,260.0 4,0.0 0,0.0 0,0.0 0,0.0 0,0.0 0,0.0 0,0.0 0,0.0 0,0.0 0,0.0 0,0.0 0,0.0 0,0.0 0,
0.0 0,0.0 0,0.0 0,0.0 0,0.0 0,0.0 0,0.0 0,0.0 0,0.0 0,0.0 0,0.0 0,0.0 0,0.0 0,0.0 0,0.0 0,0.0 0,0.0 0,0.0 0,0.0 0,0.0 0,0.0 0,0.0 0,0.0 0,0.0 0,0.0 0,0.0 0,-260.0 2,0.0 0,0.0 0,0.0 0,0.0 0,0.0 0,0.0 0,0.0 0,0.0 0,0.0 0,0.0 0,0.0 0,0.0 0,0.0 0,
0.0 0,0.0 0,0.0 0,0.0 0,0.0 0,0.0 0,0.0 0,0.0 0,0.0 0,0.0 0,0.0 0,0.0 0,0.0 0,0.0 0,0.0 0,0.0 0,0.0 0,0.0 0,0.0 0,0.0 0,0.0 0,0.0 0,0.0 0,0.0 0,0.0 0,0.0 0,0.0 0,0.0 0,0.0 0,0.0 0,0.0 0,0.0 0,0.0 0,0.0 0,0.0 0,0.0 0,0.0 0,0.0 0,0.0 0,0.0 0,
0.0 0,0.0 0,0.0 0,0.0 0,0.0 0,0.0 0,0.0 0,0.0 0,0.0 0,0.0 0,0.0 0,0.0 0,0.0 0,0.0 0,0.0 0,0.0 0,0.0 0,0.0 0,0.0 0,0.0 0,0.0 0,0.0 0,0.0 0,0.0 0,0.0 0,0.0 0,0.0 0,0.0 0,0.0 0,0.0 0,0.0 0,0.0 0,0.0 0,0.0 0,0.0 0,0.0 0,0.0 0,0.0 0,0.0 0,0.0 0,
0.0 0,0.0 0,0.0 0,0.0 0,40.0 2,0.0 0,0.0 0,0.0 0,80.0 12,0.0 0,0.0 0,0.0 0,0.0 0,0.0 0,0.0 0,0.0 0,0.0 0,0.0 0,0.0 0,0.0 0,200.0 20,0.0 0,0.0 0,0.0 0,0.0 0,0.0 0,-7.027027027027027 74,0.0 0,0.0 0,0.0 0,0.0 0,0.0 0,0.0 0,0.0 0,0.0 0,0.0 0,0.0 0,0.0 0,0.0 0,0.0 0,
0.0 0,0.0 0,0.0 0,0.0 0,0.0 0,0.0 0,0.0 0,0.0 0,80.0 8,0.0 0,0.0 0,0.0 0,120.0 56,0.0 0,0.0 0,0.0 0,0.0 0,0.0 0,0.0 0,0.0 0,0.0 0,0.0 0,0.0 0,0.0 0,191.39240506329108 158,0.0 0,0.0 0,0.0 0,0.0 0,0.0 0,0.0 0,0.0 0,0.0 0,0.0 0,0.0 0,0.0 0,0.0 0,0.0 0,0.0 0,0.0 0,
0.0 0,0.0 0,0.0 0,0.0 0,0.0 0,0.0 0,0.0 0,0.0 0,0.0 0,0.0 0,0.0 0,0.0 0,0.0 0,0.0 0,0.0 0,0.0 0,0.0 0,0.0 0,0.0 0,0.0 0,0.0 0,0.0 0,0.0 0,0.0 0,0.0 0,0.0 0,0.0 0,0.0 0,0.0 0,0.0 0,0.0 0,0.0 0,0.0 0,0.0 0,0.0 0,0.0 0,0.0 0,0.0 0,0.0 0,0.0 0,
0.0 0,0.0 0,0.0 0,0.0 0,0.0 0,0.0 0,0.0 0,0.0 0,0.0 0,0.0 0,0.0 0,0.0 0,0.0 0,0.0 0,0.0 0,0.0 0,0.0 0,0.0 0,0.0 0,0.0 0,0.0 0,0.0 0,0.0 0,0.0 0,0.0 0,0.0 0,0.0 0,0.0 0,0.0 0,0.0 0,0.0 0,0.0 0,0.0 0,0.0 0,0.0 0,0.0 0,0.0 0,0.0 0,0.0 0,0.0 0,
0.0 0,0.0 0,0.0 0,0.0 0,0.0 0,0.0 0,0.0 0,0.0 0,0.0 0,0.0 0,0.0 0,0.0 0,0.0 0,0.0 0,0.0 0,0.0 0,0.0 0,0.0 0,0.0 0,0.0 0,200.0 4,0.0 0,0.0 0,0.0 0,240.0 2,0.0 0,0.0 0,0.0 0,140.0 16,0.0 0,0.0 0,0.0 0,160.0 64,0.0 0,0.0 0,0.0 0,0.0 0,0.0 0,0.0 0,0.0 0,
0.0 0,0.0 0,0.0 0,0.0 0,0.0 0,0.0 0,0.0 0,0.0 0,0.0 0,0.0 0,0.0 0,0.0 0,0.0 0,0.0 0,0.0 0,0.0 0,0.0 0,0.0 0,0.0 0,0.0 0,0.0 0,0.0 0,0.0 0,0.0 0,0.0 0,0.0 0,0.0 0,0.0 0,0.0 0,0.0 0,0.0 0,0.0 0,0.0 0,0.0 0,0.0 0,0.0 0,0.0 0,0.0 0,0.0 0,0.0 0,
0.0 0,0.0 0,0.0 0,0.0 0,0.0 0,0.0 0,60.0 6,0.0 0,0.0 0,0.0 0,100.0 16,0.0 0,0.0 0,0.0 0,0.0 0,0.0 0,0.0 0,0.0 0,0.0 0,0.0 0,0.0 0,0.0 0,148.6486486486487 74,0.0 0,0.0 0,0.0 0,0.0 0,0.0 0,0.0 0,0.0 0,0.0 0,0.0 0,0.0 0,0.0 0,0.0 0,0.0 0,0.0 0,0.0 0,0.0 0,0.0 0,
0.0 0,0.0 0,0.0 0,0.0 0,0.0 0,0.0 0,0.0 0,0.0 0,0.0 0,0.0 0,100.0 66,0.0 0,0.0 0,0.0 0,140.0 52,0.0 0,0.0 0,0.0 0,137.6470588235294 68,0.0 0,0.0 0,0.0 0,192.7131782945736 258,0.0 0,0.0 0,0.0 0,0.0 0,0.0 0,0.0 0,0.0 0,0.0 0,0.0 0,0.0 0,0.0 0,0.0 0,0.0 0,0.0 0,0.0 0,0.0 0,0.0 0,
0.0 0,0.0 0,0.0 0,0.0 0,0.0 0,0.0 0,0.0 0,0.0 0,0.0 0,0.0 0,0.0 0,0.0 0,0.0 0,0.0 0,0.0 0,0.0 0,0.0 0,0.0 0,0.0 0,0.0 0,0.0 0,0.0 0,0.0 0,0.0 0,0.0 0,0.0 0,0.0 0,0.0 0,0.0 0,0.0 0,0.0 0,0.0 0,0.0 0,0.0 0,0.0 0,0.0 0,0.0 0,0.0 0,0.0 0,0.0 0,
0.0 0,0.0 0,0.0 0,0.0 0,0.0 0,0.0 0,0.0 0,0.0 0,0.0 0,0.0 0,0.0 0,0.0 0,0.0 0,0.0 0,0.0 0,0.0 0,0.0 0,0.0 0,0.0 0,0.0 0,0.0 0,0.0 0,0.0 0,0.0 0,0.0 0,0.0 0,0.0 0,0.0 0,0.0 0,0.0 0,0.0 0,0.0 0,0.0 0,0.0 0,0.0 0,0.0 0,0.0 0,0.0 0,0.0 0,0.0 0,
0.0 0,0.0 0,0.0 0,0.0 0,0.0 0,0.0 0,0.0 0,0.0 0,0.0 0,0.0 0,0.0 0,0.0 0,0.0 0,0.0 0,0.0 0,0.0 0,0.0 0,0.0 0,0.0 0,0.0 0,0.0 0,0.0 0,220.0 22,0.0 0,0.0 0,0.0 0,110.5 160,0.0 0,0.0 0,0.0 0,0.0 0,0.0 0,0.0 0,0.0 0,0.0 0,0.0 0,0.0 0,0.0 0,0.0 0,0.0 0,
0.0 0,0.0 0,0.0 0,0.0 0,0.0 0,0.0 0,0.0 0,0.0 0,0.0 0,0.0 0,0.0 0,0.0 0,0.0 0,0.0 0,0.0 0,0.0 0,0.0 0,0.0 0,0.0 0,0.0 0,0.0 0,0.0 0,0.0 0,0.0 0,0.0 0,0.0 0,0.0 0,0.0 0,0.0 0,0.0 0,0.0 0,0.0 0,0.0 0,0.0 0,0.0 0,0.0 0,0.0 0,0.0 0,0.0 0,0.0 0,
0.0 0,0.0 0,0.0 0,0.0 0,0.0 0,0.0 0,0.0 0,0.0 0,0.0 0,0.0 0,0.0 0,0.0 0,0.0 0,0.0 0,0.0 0,0.0 0,0.0 0,0.0 0,0.0 0,0.0 0,0.0 0,0.0 0,0.0 0,0.0 0,0.0 0,0.0 0,0.0 0,0.0 0,0.0 0,0.0 0,0.0 0,0.0 0,0.0 0,0.0 0,0.0 0,0.0 0,0.0 0,0.0 0,0.0 0,0.0 0,
0.0 0,0.0 0,0.0 0,0.0 0,0.0 0,0.0 0,0.0 0,0.0 0,0.0 0,0.0 0,0.0 0,0.0 0,0.0 0,0.0 0,0.0 0,0.0 0,0.0 0,0.0 0,0.0 0,0.0 0,0.0 0,0.0 0,0.0 0,0.0 0,0.0 0,0.0 0,0.0 0,0.0 0,0.0 0,0.0 0,0.0 0,0.0 0,0.0 0,0.0 0,0.0 0,0.0 0,0.0 0,0.0 0,0.0 0,0.0 0,
0.0 0,0.0 0,0.0 0,0.0 0,0.0 0,0.0 0,0.0 0,0.0 0,0.0 0,0.0 0,0.0 0,0.0 0,0.0 0,0.0 0,0.0 0,0.0 0,0.0 0,0.0 0,0.0 0,0.0 0,0.0 0,0.0 0,0.0 0,0.0 0,0.0 0,0.0 0,0.0 0,0.0 0,0.0 0,0.0 0,0.0 0,0.0 0,0.0 0,0.0 0,0.0 0,0.0 0,0.0 0,0.0 0,0.0 0,0.0 0,
0.0 0,0.0 0,0.0 0,0.0 0,0.0 0,0.0 0,0.0 0,0.0 0,0.0 0,0.0 0,0.0 0,0.0 0,0.0 0,0.0 0,0.0 0,0.0 0,0.0 0,0.0 0,0.0 0,0.0 0,0.0 0,0.0 0,0.0 0,0.0 0,0.0 0,0.0 0,0.0 0,0.0 0,0.0 0,0.0 0,0.0 0,0.0 0,0.0 0,0.0 0,0.0 0,0.0 0,0.0 0,0.0 0,0.0 0,0.0 0,
0.0 0,0.0 0,0.0 0,0.0 0,0.0 0,0.0 0,0.0 0,0.0 0,0.0 0,0.0 0,0.0 0,0.0 0,0.0 0,0.0 0,0.0 0,0.0 0,0.0 0,0.0 0,0.0 0,0.0 0,0.0 0,0.0 0,0.0 0,0.0 0,0.0 0,0.0 0,0.0 0,0.0 0,0.0 0,0.0 0,0.0 0,0.0 0,0.0 0,0.0 0,0.0 0,0.0 0,0.0 0,0.0 0,0.0 0,0.0 0,
0.0 0,0.0 0,0.0 0,0.0 0,0.0 0,0.0 0,0.0 0,0.0 0,0.0 0,0.0 0,0.0 0,0.0 0,0.0 0,0.0 0,0.0 0,0.0 0,0.0 0,0.0 0,0.0 0,0.0 0,0.0 0,0.0 0,0.0 0,0.0 0,0.0 0,0.0 0,0.0 0,0.0 0,0.0 0,0.0 0,0.0 0,0.0 0,0.0 0,0.0 0,0.0 0,0.0 0,0.0 0,0.0 0,0.0 0,0.0 0,
0.0 0,0.0 0,0.0 0,0.0 0,0.0 0,0.0 0,0.0 0,0.0 0,0.0 0,0.0 0,0.0 0,0.0 0,0.0 0,0.0 0,0.0 0,0.0 0,0.0 0,0.0 0,0.0 0,0.0 0,0.0 0,0.0 0,0.0 0,0.0 0,0.0 0,0.0 0,0.0 0,0.0 0,0.0 0,0.0 0,0.0 0,0.0 0,0.0 0,0.0 0,0.0 0,0.0 0,0.0 0,0.0 0,0.0 0,0.0 0,
0.0 0,0.0 0,0.0 0,0.0 0,0.0 0,0.0 0,0.0 0,0.0 0,0.0 0,0.0 0,0.0 0,0.0 0,0.0 0,0.0 0,0.0 0,0.0 0,0.0 0,0.0 0,0.0 0,0.0 0,0.0 0,0.0 0,0.0 0,0.0 0,0.0 0,0.0 0,0.0 0,0.0 0,0.0 0,0.0 0,0.0 0,0.0 0,0.0 0,0.0 0,0.0 0,0.0 0,0.0 0,0.0 0,0.0 0,0.0 0,
0.0 0,0.0 0,0.0 0,0.0 0,0.0 0,0.0 0,0.0 0,0.0 0,0.0 0,0.0 0,0.0 0,0.0 0,0.0 0,0.0 0,0.0 0,0.0 0,0.0 0,0.0 0,0.0 0,0.0 0,0.0 0,0.0 0,0.0 0,0.0 0,0.0 0,0.0 0,0.0 0,0.0 0,0.0 0,0.0 0,0.0 0,0.0 0,0.0 0,0.0 0,0.0 0,0.0 0,0.0 0,0.0 0,0.0 0,0.0 0,
0.0 0,0.0 0,0.0 0,0.0 0,0.0 0,0.0 0,0.0 0,0.0 0,0.0 0,0.0 0,0.0 0,0.0 0,0.0 0,0.0 0,0.0 0,0.0 0,0.0 0,0.0 0,0.0 0,0.0 0,0.0 0,0.0 0,0.0 0,0.0 0,0.0 0,0.0 0,0.0 0,0.0 0,0.0 0,0.0 0,0.0 0,0.0 0,0.0 0,0.0 0,0.0 0,0.0 0,0.0 0,0.0 0,0.0 0,0.0 0,
0.0 0,0.0 0,0.0 0,0.0 0,0.0 0,0.0 0,0.0 0,0.0 0,0.0 0,0.0 0,0.0 0,0.0 0,0.0 0,0.0 0,0.0 0,0.0 0,0.0 0,0.0 0,0.0 0,0.0 0,0.0 0,0.0 0,0.0 0,0.0 0,0.0 0,0.0 0,0.0 0,0.0 0,0.0 0,0.0 0,0.0 0,0.0 0,0.0 0,0.0 0,0.0 0,0.0 0,0.0 0,0.0 0,0.0 0,0.0 0,
0.0 0,0.0 0,0.0 0,0.0 0,0.0 0,0.0 0,0.0 0,0.0 0,0.0 0,0.0 0,0.0 0,0.0 0,120.0 6,0.0 0,0.0 0,0.0 0,160.0 2,0.0 0,0.0 0,0.0 0,66.66666666666667 18,0.0 0,0.0 0,0.0 0,144.0 10,0.0 0,0.0 0,0.0 0,0.0 0,0.0 0,0.0 0,0.0 0,0.0 0,0.0 0,0.0 0,0.0 0,0.0 0,0.0 0,0.0 0,0.0 0,
0.0 0,0.0 0,0.0 0,0.0 0,0.0 0,0.0 0,0.0 0,0.0 0,0.0 0,0.0 0,0.0 0,0.0 0,0.0 0,0.0 0,0.0 0,0.0 0,160.0 12,0.0 0,0.0 0,0.0 0,152.94117647058823 34,0.0 0,0.0 0,0.0 0,0.0 0,0.0 0,0.0 0,0.0 0,0.0 0,0.0 0,0.0 0,0.0 0,0.0 0,0.0 0,0.0 0,0.0 0,0.0 0,0.0 0,0.0 0,0.0 0,
0.0 0,0.0 0,0.0 0,0.0 0,0.0 0,0.0 0,0.0 0,0.0 0,0.0 0,0.0 0,0.0 0,0.0 0,0.0 0,0.0 0,0.0 0,0.0 0,0.0 0,0.0 0,0.0 0,0.0 0,200.0 16,0.0 0,0.0 0,0.0 0,5.853658536585366 164,0.0 0,0.0 0,0.0 0,0.0 0,0.0 0,0.0 0,0.0 0,0.0 0,0.0 0,0.0 0,0.0 0,0.0 0,0.0 0,0.0 0,0.0 0,
0.0 0,0.0 0,0.0 0,0.0 0,0.0 0,0.0 0,0.0 0,0.0 0,0.0 0,0.0 0,0.0 0,0.0 0,0.0 0,0.0 0,0.0 0,0.0 0,0.0 0,0.0 0,0.0 0,0.0 0,0.0 0,0.0 0,0.0 0,0.0 0,52.17391304347823 460,0.0 0,0.0 0,0.0 0,0.0 0,0.0 0,0.0 0,0.0 0,0.0 0,0.0 0,0.0 0,0.0 0,0.0 0,0.0 0,0.0 0,0.0 0,
0.0 0,0.0 0,0.0 0,0.0 0,0.0 0,0.0 0,0.0 0,0.0 0,0.0 0,0.0 0,0.0 0,0.0 0,0.0 0,0.0 0,0.0 0,0.0 0,0.0 0,0.0 0,0.0 0,0.0 0,0.0 0,0.0 0,0.0 0,0.0 0,0.0 0,0.0 0,0.0 0,0.0 0,0.0 0,0.0 0,0.0 0,0.0 0,0.0 0,0.0 0,0.0 0,0.0 0,0.0 0,0.0 0,0.0 0,0.0 0,
0.0 0,0.0 0,0.0 0,0.0 0,0.0 0,0.0 0,0.0 0,0.0 0,0.0 0,0.0 0,0.0 0,0.0 0,0.0 0,0.0 0,0.0 0,0.0 0,0.0 0,0.0 0,0.0 0,0.0 0,0.0 0,0.0 0,0.0 0,0.0 0,0.0 0,0.0 0,0.0 0,0.0 0,0.0 0,0.0 0,0.0 0,0.0 0,0.0 0,0.0 0,0.0 0,0.0 0,0.0 0,0.0 0,0.0 0,0.0 0,
0.0 0,0.0 0,0.0 0,0.0 0,0.0 0,0.0 0,0.0 0,0.0 0,0.0 0,0.0 0,0.0 0,0.0 0,0.0 0,0.0 0,0.0 0,0.0 0,0.0 0,0.0 0,0.0 0,0.0 0,0.0 0,0.0 0,0.0 0,0.0 0,0.0 0,0.0 0,0.0 0,0.0 0,0.0 0,0.0 0,0.0 0,0.0 0,0.0 0,0.0 0,0.0 0,0.0 0,0.0 0,0.0 0,0.0 0,0.0 0,
0.0 0,0.0 0,0.0 0,0.0 0,0.0 0,0.0 0,0.0 0,0.0 0,0.0 0,0.0 0,0.0 0,0.0 0,0.0 0,0.0 0,0.0 0,0.0 0,0.0 0,0.0 0,0.0 0,0.0 0,0.0 0,0.0 0,0.0 0,0.0 0,0.0 0,0.0 0,0.0 0,0.0 0,0.0 0,0.0 0,0.0 0,0.0 0,0.0 0,0.0 0,0.0 0,0.0 0,0.0 0,0.0 0,0.0 0,0.0 0,
0.0 0,0.0 0,0.0 0,0.0 0,0.0 0,0.0 0,0.0 0,0.0 0,0.0 0,0.0 0,0.0 0,0.0 0,0.0 0,0.0 0,0.0 0,0.0 0,0.0 0,0.0 0,0.0 0,0.0 0,0.0 0,0.0 0,0.0 0,0.0 0,0.0 0,0.0 0,0.0 0,0.0 0,0.0 0,0.0 0,0.0 0,0.0 0,0.0 0,0.0 0,0.0 0,0.0 0,0.0 0,0.0 0,0.0 0,0.0 0,
0.0 0,0.0 0,0.0 0,0.0 0,0.0 0,0.0 0,0.0 0,0.0 0,0.0 0,0.0 0,0.0 0,0.0 0,0.0 0,0.0 0,0.0 0,0.0 0,0.0 0,0.0 0,0.0 0,0.0 0,0.0 0,0.0 0,0.0 0,0.0 0,0.0 0,0.0 0,0.0 0,0.0 0,0.0 0,0.0 0,0.0 0,0.0 0,0.0 0,0.0 0,0.0 0,0.0 0,0.0 0,0.0 0,0.0 0,0.0 0,
0.0 0,0.0 0,0.0 0,0.0 0,0.0 0,0.0 0,0.0 0,0.0 0,0.0 0,0.0 0,0.0 0,0.0 0,0.0 0,0.0 0,0.0 0,0.0 0,0.0 0,0.0 0,0.0 0,0.0 0,0.0 0,0.0 0,0.0 0,0.0 0,0.0 0,0.0 0,0.0 0,0.0 0,0.0 0,0.0 0,0.0 0,0.0 0,0.0 0,0.0 0,0.0 0,0.0 0,0.0 0,0.0 0,0.0 0,0.0 0,
0.0 0,0.0 0,0.0 0,0.0 0,0.0 0,0.0 0,0.0 0,0.0 0,0.0 0,0.0 0,0.0 0,0.0 0,0.0 0,0.0 0,0.0 0,0.0 0,0.0 0,0.0 0,0.0 0,0.0 0,0.0 0,0.0 0,0.0 0,0.0 0,0.0 0,0.0 0,0.0 0,0.0 0,0.0 0,0.0 0,0.0 0,0.0 0,0.0 0,0.0 0,0.0 0,0.0 0,0.0 0,0.0 0,0.0 0,0.0 0,
0.0 0,0.0 0,0.0 0,0.0 0,0.0 0,0.0 0,0.0 0,0.0 0,0.0 0,0.0 0,0.0 0,0.0 0,0.0 0,0.0 0,0.0 0,0.0 0,0.0 0,0.0 0,0.0 0,0.0 0,0.0 0,0.0 0,0.0 0,0.0 0,0.0 0,0.0 0,0.0 0,0.0 0,0.0 0,0.0 0,0.0 0,0.0 0,0.0 0,0.0 0,0.0 0,0.0 0,0.0 0,0.0 0,0.0 0,0.0 0,
0.0 0,0.0 0,0.0 0,0.0 0,0.0 0,0.0 0,0.0 0,0.0 0,0.0 0,0.0 0,0.0 0,0.0 0,0.0 0,0.0 0,0.0 0,0.0 0,0.0 0,0.0 0,0.0 0,0.0 0,0.0 0,0.0 0,0.0 0,0.0 0,0.0 0,0.0 0,0.0 0,0.0 0,0.0 0,0.0 0,0.0 0,0.0 0,0.0 0,0.0 0,0.0 0,0.0 0,0.0 0,0.0 0,0.0 0,0.0 0,
0.0 0,0.0 0,0.0 0,0.0 0,0.0 0,0.0 0,0.0 0,0.0 0,0.0 0,0.0 0,0.0 0,0.0 0,0.0 0,0.0 0,0.0 0,0.0 0,0.0 0,0.0 0,0.0 0,0.0 0,0.0 0,0.0 0,0.0 0,0.0 0,0.0 0,0.0 0,0.0 0,0.0 0,0.0 0,0.0 0,0.0 0,0.0 0,0.0 0,0.0 0,0.0 0,0.0 0,0.0 0,0.0 0,0.0 0,0.0 0,
0.0 0,0.0 0,0.0 0,0.0 0,0.0 0,0.0 0,0.0 0,0.0 0,0.0 0,0.0 0,0.0 0,0.0 0,0.0 0,0.0 0,0.0 0,0.0 0,0.0 0,0.0 0,0.0 0,0.0 0,0.0 0,0.0 0,0.0 0,0.0 0,0.0 0,0.0 0,0.0 0,0.0 0,0.0 0,0.0 0,0.0 0,0.0 0,0.0 0,0.0 0,0.0 0,0.0 0,0.0 0,0.0 0,0.0 0,0.0 0,
0.0 0,0.0 0,0.0 0,0.0 0,0.0 0,0.0 0,0.0 0,0.0 0,0.0 0,0.0 0,0.0 0,0.0 0,0.0 0,0.0 0,0.0 0,0.0 0,0.0 0,0.0 0,0.0 0,0.0 0,0.0 0,0.0 0,0.0 0,0.0 0,0.0 0,0.0 0,0.0 0,0.0 0,0.0 0,0.0 0,0.0 0,0.0 0,0.0 0,0.0 0,0.0 0,0.0 0,0.0 0,0.0 0,0.0 0,0.0 0,
0.0 0,0.0 0,0.0 0,0.0 0,0.0 0,0.0 0,0.0 0,0.0 0,0.0 0,0.0 0,0.0 0,0.0 0,0.0 0,0.0 0,0.0 0,0.0 0,0.0 0,0.0 0,0.0 0,0.0 0,0.0 0,0.0 0,0.0 0,0.0 0,0.0 0,0.0 0,0.0 0,0.0 0,0.0 0,0.0 0,0.0 0,0.0 0,0.0 0,0.0 0,0.0 0,0.0 0,0.0 0,0.0 0,0.0 0,0.0 0,
0.0 0,0.0 0,0.0 0,0.0 0,0.0 0,0.0 0,0.0 0,0.0 0,0.0 0,0.0 0,0.0 0,0.0 0,0.0 0,0.0 0,0.0 0,0.0 0,0.0 0,0.0 0,0.0 0,0.0 0,0.0 0,0.0 0,0.0 0,0.0 0,0.0 0,0.0 0,0.0 0,0.0 0,0.0 0,0.0 0,0.0 0,0.0 0,0.0 0,0.0 0,0.0 0,0.0 0,0.0 0,0.0 0,0.0 0,0.0 0,
0.0 0,0.0 0,0.0 0,0.0 0,0.0 0,0.0 0,0.0 0,0.0 0,0.0 0,0.0 0,0.0 0,0.0 0,0.0 0,0.0 0,0.0 0,0.0 0,0.0 0,0.0 0,0.0 0,0.0 0,0.0 0,0.0 0,0.0 0,0.0 0,0.0 0,0.0 0,0.0 0,0.0 0,0.0 0,0.0 0,0.0 0,0.0 0,0.0 0,0.0 0,0.0 0,0.0 0,0.0 0,0.0 0,0.0 0,0.0 0,
0.0 0,0.0 0,0.0 0,0.0 0,0.0 0,0.0 0,0.0 0,0.0 0,0.0 0,0.0 0,0.0 0,0.0 0,0.0 0,0.0 0,0.0 0,0.0 0,0.0 0,0.0 0,0.0 0,0.0 0,0.0 0,0.0 0,0.0 0,0.0 0,0.0 0,0.0 0,0.0 0,0.0 0,0.0 0,0.0 0,0.0 0,0.0 0,0.0 0,0.0 0,0.0 0,0.0 0,0.0 0,0.0 0,0.0 0,0.0 0,
0.0 0,0.0 0,0.0 0,0.0 0,0.0 0,0.0 0,0.0 0,0.0 0,0.0 0,0.0 0,0.0 0,0.0 0,0.0 0,0.0 0,0.0 0,0.0 0,0.0 0,0.0 0,0.0 0,0.0 0,0.0 0,0.0 0,0.0 0,0.0 0,0.0 0,0.0 0,0.0 0,0.0 0,0.0 0,0.0 0,0.0 0,0.0 0,0.0 0,0.0 0,0.0 0,0.0 0,0.0 0,0.0 0,0.0 0,0.0 0,
0.0 0,0.0 0,0.0 0,0.0 0,0.0 0,0.0 0,0.0 0,0.0 0,0.0 0,0.0 0,0.0 0,0.0 0,0.0 0,0.0 0,0.0 0,0.0 0,0.0 0,0.0 0,0.0 0,0.0 0,0.0 0,0.0 0,0.0 0,0.0 0,0.0 0,0.0 0,0.0 0,0.0 0,0.0 0,0.0 0,0.0 0,0.0 0,0.0 0,0.0 0,0.0 0,0.0 0,0.0 0,0.0 0,0.0 0,0.0 0,
0.0 0,0.0 0,0.0 0,0.0 0,0.0 0,0.0 0,0.0 0,0.0 0,0.0 0,0.0 0,0.0 0,0.0 0,0.0 0,0.0 0,0.0 0,0.0 0,0.0 0,0.0 0,0.0 0,0.0 0,0.0 0,0.0 0,0.0 0,0.0 0,0.0 0,0.0 0,0.0 0,0.0 0,0.0 0,0.0 0,0.0 0,0.0 0,0.0 0,0.0 0,0.0 0,0.0 0,0.0 0,0.0 0,0.0 0,0.0 0,
0.0 0,0.0 0,0.0 0,0.0 0,0.0 0,0.0 0,0.0 0,0.0 0,0.0 0,0.0 0,0.0 0,0.0 0,0.0 0,0.0 0,0.0 0,0.0 0,0.0 0,0.0 0,0.0 0,0.0 0,0.0 0,0.0 0,0.0 0,0.0 0,0.0 0,0.0 0,0.0 0,0.0 0,0.0 0,0.0 0,0.0 0,0.0 0,0.0 0,0.0 0,0.0 0,0.0 0,0.0 0,0.0 0,0.0 0,0.0 0,
0.0 0,0.0 0,0.0 0,0.0 0,0.0 0,0.0 0,0.0 0,0.0 0,0.0 0,0.0 0,0.0 0,0.0 0,0.0 0,0.0 0,0.0 0,0.0 0,0.0 0,0.0 0,0.0 0,0.0 0,0.0 0,0.0 0,0.0 0,0.0 0,0.0 0,0.0 0,0.0 0,0.0 0,0.0 0,0.0 0,0.0 0,0.0 0,0.0 0,0.0 0,0.0 0,0.0 0,0.0 0,0.0 0,0.0 0,0.0 0,
0.0 0,0.0 0,0.0 0,0.0 0,0.0 0,0.0 0,0.0 0,0.0 0,0.0 0,0.0 0,0.0 0,0.0 0,0.0 0,0.0 0,0.0 0,0.0 0,0.0 0,0.0 0,0.0 0,0.0 0,0.0 0,0.0 0,0.0 0,0.0 0,0.0 0,0.0 0,0.0 0,0.0 0,0.0 0,0.0 0,0.0 0,0.0 0,0.0 0,0.0 0,0.0 0,0.0 0,0.0 0,0.0 0,0.0 0,0.0 0,
0.0 0,0.0 0,0.0 0,0.0 0,0.0 0,0.0 0,0.0 0,0.0 0,0.0 0,0.0 0,0.0 0,0.0 0,0.0 0,0.0 0,0.0 0,0.0 0,0.0 0,0.0 0,0.0 0,0.0 0,0.0 0,0.0 0,0.0 0,0.0 0,0.0 0,0.0 0,0.0 0,0.0 0,0.0 0,0.0 0,0.0 0,0.0 0,0.0 0,0.0 0,0.0 0,0.0 0,0.0 0,0.0 0,0.0 0,0.0 0,
0.0 0,0.0 0,0.0 0,0.0 0,0.0 0,0.0 0,0.0 0,0.0 0,0.0 0,0.0 0,0.0 0,0.0 0,0.0 0,0.0 0,0.0 0,0.0 0,0.0 0,0.0 0,0.0 0,0.0 0,0.0 0,0.0 0,0.0 0,0.0 0,0.0 0,0.0 0,0.0 0,0.0 0,0.0 0,0.0 0,0.0 0,0.0 0,0.0 0,0.0 0,0.0 0,0.0 0,0.0 0,0.0 0,0.0 0,0.0 0,
0.0 0,0.0 0,0.0 0,0.0 0,0.0 0,0.0 0,0.0 0,0.0 0,0.0 0,0.0 0,0.0 0,0.0 0,0.0 0,0.0 0,0.0 0,0.0 0,0.0 0,0.0 0,0.0 0,0.0 0,0.0 0,0.0 0,0.0 0,0.0 0,0.0 0,0.0 0,0.0 0,0.0 0,0.0 0,0.0 0,0.0 0,0.0 0,0.0 0,0.0 0,0.0 0,0.0 0,0.0 0,0.0 0,0.0 0,0.0 0,
0.0 0,0.0 0,0.0 0,0.0 0,0.0 0,0.0 0,0.0 0,0.0 0,0.0 0,0.0 0,0.0 0,0.0 0,0.0 0,0.0 0,0.0 0,0.0 0,0.0 0,0.0 0,0.0 0,0.0 0,0.0 0,0.0 0,0.0 0,0.0 0,0.0 0,0.0 0,0.0 0,0.0 0,0.0 0,0.0 0,0.0 0,0.0 0,0.0 0,0.0 0,0.0 0,0.0 0,0.0 0,0.0 0,0.0 0,0.0 0,
0.0 0,0.0 0,0.0 0,0.0 0,0.0 0,0.0 0,0.0 0,0.0 0,0.0 0,0.0 0,0.0 0,0.0 0,0.0 0,0.0 0,0.0 0,0.0 0,0.0 0,0.0 0,0.0 0,0.0 0,0.0 0,0.0 0,0.0 0,0.0 0,0.0 0,0.0 0,0.0 0,0.0 0,0.0 0,0.0 0,0.0 0,0.0 0,0.0 0,0.0 0,0.0 0,0.0 0,0.0 0,0.0 0,0.0 0,0.0 0,
0.0 0,0.0 0,0.0 0,0.0 0,0.0 0,0.0 0,0.0 0,0.0 0,80.0 12,0.0 0,0.0 0,0.0 0,120.0 58,0.0 0,0.0 0,0.0 0,0.0 0,0.0 0,0.0 0,0.0 0,0.0 0,0.0 0,0.0 0,0.0 0,26.666666666666668 36,0.0 0,0.0 0,0.0 0,0.0 0,0.0 0,0.0 0,0.0 0,0.0 0,0.0 0,0.0 0,0.0 0,0.0 0,0.0 0,0.0 0,0.0 0,
0.0 0,0.0 0,0.0 0,0.0 0,0.0 0,0.0 0,0.0 0,0.0 0,0.0 0,0.0 0,0.0 0,0.0 0,120.0 244,0.0 0,0.0 0,0.0 0,160.0 100,0.0 0,0.0 0,0.0 0,66.66666666666667 12,0.0 0,0.0 0,0.0 0,68.57142857142858 56,0.0 0,0.0 0,0.0 0,136.41025641025638 78,0.0 0,0.0 0,0.0 0,0.0 0,0.0 0,0.0 0,0.0 0,0.0 0,0.0 0,0.0 0,0.0 0,
0.0 0,0.0 0,0.0 0,0.0 0,0.0 0,0.0 0,0.0 0,0.0 0,0.0 0,0.0 0,0.0 0,0.0 0,0.0 0,0.0 0,0.0 0,0.0 0,0.0 0,0.0 0,0.0 0,0.0 0,0.0 0,0.0 0,0.0 0,0.0 0,0.0 0,0.0 0,0.0 0,0.0 0,0.0 0,0.0 0,0.0 0,0.0 0,0.0 0,0.0 0,0.0 0,0.0 0,0.0 0,0.0 0,0.0 0,0.0 0,
0.0 0,0.0 0,0.0 0,0.0 0,0.0 0,0.0 0,0.0 0,0.0 0,0.0 0,0.0 0,0.0 0,0.0 0,0.0 0,0.0 0,0.0 0,0.0 0,0.0 0,0.0 0,0.0 0,0.0 0,0.0 0,0.0 0,0.0 0,0.0 0,0.0 0,0.0 0,0.0 0,0.0 0,0.0 0,0.0 0,0.0 0,0.0 0,0.0 0,0.0 0,0.0 0,0.0 0,0.0 0,0.0 0,0.0 0,0.0 0,
0.0 0,0.0 0,0.0 0,0.0 0,0.0 0,0.0 0,0.0 0,0.0 0,0.0 0,0.0 0,0.0 0,0.0 0,0.0 0,0.0 0,0.0 0,0.0 0,0.0 0,0.0 0,0.0 0,0.0 0,0.0 0,0.0 0,0.0 0,0.0 0,68.57142857142857 84,0.0 0,0.0 0,0.0 0,-44.21052631578948 76,0.0 0,0.0 0,0.0 0,0.0 0,0.0 0,0.0 0,0.0 0,0.0 0,0.0 0,0.0 0,0.0 0,
0.0 0,0.0 0,0.0 0,0.0 0,0.0 0,0.0 0,0.0 0,0.0 0,0.0 0,0.0 0,0.0 0,0.0 0,0.0 0,0.0 0,0.0 0,0.0 0,0.0 0,0.0 0,0.0 0,0.0 0,0.0 0,0.0 0,0.0 0,0.0 0,0.0 0,0.0 0,0.0 0,0.0 0,0.0 0,0.0 0,0.0 0,0.0 0,0.0 0,0.0 0,0.0 0,0.0 0,0.0 0,0.0 0,0.0 0,0.0 0,
0.0 0,0.0 0,0.0 0,0.0 0,0.0 0,0.0 0,0.0 0,0.0 0,0.0 0,0.0 0,100.0 112,0.0 0,0.0 0,0.0 0,140.0 208,0.0 0,0.0 0,0.0 0,27.692307692307693 52,0.0 0,0.0 0,0.0 0,-20.0 44,0.0 0,0.0 0,0.0 0,80.6896551724138 58,0.0 0,0.0 0,0.0 0,0.0 0,0.0 0,0.0 0,0.0 0,0.0 0,0.0 0,0.0 0,0.0 0,0.0 0,0.0 0,
0.0 0,0.0 0,0.0 0,0.0 0,0.0 0,0.0 0,0.0 0,0.0 0,0.0 0,0.0 0,0.0 0,0.0 0,0.0 0,0.0 0,140.0 596,0.0 0,0.0 0,0.0 0,140.36697247706414 436,0.0 0,0.0 0,0.0 0,0.0 0,0.0 0,0.0 0,0.0 0,96.45161290322582 248,0.0 0,0.0 0,0.0 0,0.0 0,0.0 0,0.0 0,0.0 0,0.0 0,0.0 0,0.0 0,0.0 0,0.0 0,0.0 0,
0.0 0,0.0 0,0.0 0,0.0 0,0.0 0,0.0 0,0.0 0,0.0 0,0.0 0,0.0 0,0.0 0,0.0 0,0.0 0,0.0 0,0.0 0,0.0 0,0.0 0,0.0 0,180.0 18,0.0 0,0.0 0,0.0 0,-64.16666666666669 96,0.0 0,0.0 0,0.0 0,0.0 0,0.0 0,0.0 0,0.0 0,0.0 0,0.0 0,0.0 0,0.0 0,0.0 0,0.0 0,0.0 0,0.0 0,0.0 0,0.0 0,
0.0 0,0.0 0,0.0 0,0.0 0,0.0 0,0.0 0,0.0 0,0.0 0,0.0 0,0.0 0,0.0 0,0.0 0,0.0 0,0.0 0,0.0 0,0.0 0,0.0 0,0.0 0,0.0 0,0.0 0,0.0 0,0.0 0,220.0 12,0.0 0,0.0 0,0.0 0,-41.05263157894737 76,0.0 0,0.0 0,0.0 0,0.0 0,0.0 0,0.0 0,0.0 0,0.0 0,0.0 0,0.0 0,0.0 0,0.0 0,0.0 0,
0.0 0,0.0 0,0.0 0,0.0 0,0.0 0,0.0 0,0.0 0,0.0 0,0.0 0,0.0 0,0.0 0,0.0 0,0.0 0,0.0 0,0.0 0,0.0 0,0.0 0,0.0 0,0.0 0,0.0 0,0.0 0,0.0 0,0.0 0,0.0 0,0.0 0,0.0 0,32.873563218390785 174,0.0 0,0.0 0,0.0 0,0.0 0,0.0 0,0.0 0,0.0 0,0.0 0,0.0 0,0.0 0,0.0 0,0.0 0,0.0 0,
0.0 0,0.0 0,0.0 0,0.0 0,0.0 0,0.0 0,0.0 0,0.0 0,0.0 0,0.0 0,0.0 0,0.0 0,0.0 0,0.0 0,0.0 0,0.0 0,0.0 0,0.0 0,0.0 0,0.0 0,0.0 0,0.0 0,0.0 0,0.0 0,0.0 0,0.0 0,0.0 0,0.0 0,0.0 0,0.0 0,0.0 0,0.0 0,0.0 0,0.0 0,0.0 0,0.0 0,0.0 0,0.0 0,0.0 0,0.0 0,
0.0 0,0.0 0,0.0 0,0.0 0,0.0 0,0.0 0,0.0 0,0.0 0,0.0 0,0.0 0,0.0 0,0.0 0,0.0 0,0.0 0,0.0 0,0.0 0,0.0 0,0.0 0,0.0 0,0.0 0,0.0 0,0.0 0,0.0 0,0.0 0,0.0 0,0.0 0,0.0 0,0.0 0,0.0 0,0.0 0,0.0 0,0.0 0,0.0 0,0.0 0,0.0 0,0.0 0,0.0 0,0.0 0,0.0 0,0.0 0,
0.0 0,0.0 0,0.0 0,0.0 0,0.0 0,0.0 0,0.0 0,0.0 0,0.0 0,0.0 0,0.0 0,0.0 0,0.0 0,0.0 0,0.0 0,0.0 0,0.0 0,0.0 0,0.0 0,0.0 0,0.0 0,0.0 0,0.0 0,0.0 0,0.0 0,0.0 0,0.0 0,0.0 0,0.0 0,0.0 0,0.0 0,0.0 0,0.0 0,0.0 0,0.0 0,0.0 0,0.0 0,0.0 0,0.0 0,0.0 0,
0.0 0,0.0 0,0.0 0,0.0 0,0.0 0,0.0 0,0.0 0,0.0 0,0.0 0,0.0 0,0.0 0,0.0 0,0.0 0,0.0 0,0.0 0,0.0 0,0.0 0,0.0 0,0.0 0,0.0 0,0.0 0,0.0 0,0.0 0,0.0 0,0.0 0,0.0 0,0.0 0,0.0 0,0.0 0,0.0 0,0.0 0,0.0 0,0.0 0,0.0 0,0.0 0,0.0 0,0.0 0,0.0 0,0.0 0,0.0 0,
0.0 0,0.0 0,0.0 0,0.0 0,0.0 0,0.0 0,0.0 0,0.0 0,0.0 0,0.0 0,0.0 0,0.0 0,0.0 0,0.0 0,0.0 0,0.0 0,0.0 0,0.0 0,0.0 0,0.0 0,0.0 0,0.0 0,0.0 0,0.0 0,0.0 0,0.0 0,0.0 0,0.0 0,0.0 0,0.0 0,0.0 0,0.0 0,0.0 0,0.0 0,0.0 0,0.0 0,0.0 0,0.0 0,0.0 0,0.0 0,
0.0 0,0.0 0,0.0 0,0.0 0,0.0 0,0.0 0,0.0 0,0.0 0,0.0 0,0.0 0,0.0 0,0.0 0,0.0 0,0.0 0,0.0 0,0.0 0,0.0 0,0.0 0,0.0 0,0.0 0,0.0 0,0.0 0,0.0 0,0.0 0,0.0 0,0.0 0,0.0 0,0.0 0,0.0 0,0.0 0,0.0 0,0.0 0,0.0 0,0.0 0,0.0 0,0.0 0,0.0 0,0.0 0,0.0 0,0.0 0,
0.0 0,0.0 0,0.0 0,0.0 0,0.0 0,0.0 0,0.0 0,0.0 0,0.0 0,0.0 0,0.0 0,0.0 0,0.0 0,0.0 0,0.0 0,0.0 0,0.0 0,0.0 0,0.0 0,0.0 0,0.0 0,0.0 0,0.0 0,0.0 0,0.0 0,0.0 0,0.0 0,0.0 0,0.0 0,0.0 0,0.0 0,0.0 0,0.0 0,0.0 0,0.0 0,0.0 0,0.0 0,0.0 0,0.0 0,0.0 0,
0.0 0,0.0 0,0.0 0,0.0 0,0.0 0,0.0 0,0.0 0,0.0 0,0.0 0,0.0 0,0.0 0,0.0 0,0.0 0,0.0 0,0.0 0,0.0 0,0.0 0,0.0 0,0.0 0,0.0 0,0.0 0,0.0 0,0.0 0,0.0 0,0.0 0,0.0 0,0.0 0,0.0 0,0.0 0,0.0 0,0.0 0,0.0 0,0.0 0,0.0 0,0.0 0,0.0 0,0.0 0,0.0 0,0.0 0,0.0 0,
0.0 0,0.0 0,0.0 0,0.0 0,0.0 0,0.0 0,0.0 0,0.0 0,0.0 0,0.0 0,0.0 0,0.0 0,0.0 0,0.0 0,0.0 0,0.0 0,0.0 0,0.0 0,0.0 0,0.0 0,0.0 0,0.0 0,0.0 0,0.0 0,0.0 0,0.0 0,0.0 0,0.0 0,0.0 0,0.0 0,0.0 0,0.0 0,0.0 0,0.0 0,0.0 0,0.0 0,0.0 0,0.0 0,0.0 0,0.0 0,
0.0 0,0.0 0,0.0 0,0.0 0,0.0 0,0.0 0,0.0 0,0.0 0,0.0 0,0.0 0,0.0 0,0.0 0,0.0 0,0.0 0,0.0 0,0.0 0,0.0 0,0.0 0,0.0 0,0.0 0,0.0 0,0.0 0,0.0 0,0.0 0,0.0 0,0.0 0,0.0 0,0.0 0,0.0 0,0.0 0,0.0 0,0.0 0,0.0 0,0.0 0,0.0 0,0.0 0,0.0 0,0.0 0,0.0 0,0.0 0,
0.0 0,0.0 0,0.0 0,0.0 0,0.0 0,0.0 0,0.0 0,0.0 0,0.0 0,0.0 0,0.0 0,0.0 0,0.0 0,0.0 0,0.0 0,0.0 0,0.0 0,0.0 0,0.0 0,0.0 0,0.0 0,0.0 0,0.0 0,0.0 0,0.0 0,0.0 0,0.0 0,0.0 0,0.0 0,0.0 0,0.0 0,0.0 0,0.0 0,0.0 0,0.0 0,0.0 0,0.0 0,0.0 0,0.0 0,0.0 0,
0.0 0,0.0 0,0.0 0,0.0 0,0.0 0,0.0 0,0.0 0,0.0 0,0.0 0,0.0 0,0.0 0,0.0 0,0.0 0,0.0 0,0.0 0,0.0 0,0.0 0,0.0 0,0.0 0,0.0 0,0.0 0,0.0 0,0.0 0,0.0 0,0.0 0,0.0 0,0.0 0,0.0 0,0.0 0,0.0 0,0.0 0,0.0 0,0.0 0,0.0 0,0.0 0,0.0 0,0.0 0,0.0 0,0.0 0,0.0 0,
0.0 0,0.0 0,0.0 0,0.0 0,0.0 0,0.0 0,0.0 0,0.0 0,0.0 0,0.0 0,0.0 0,0.0 0,0.0 0,0.0 0,0.0 0,0.0 0,25.231910946196653 2156,0.0 0,0.0 0,0.0 0,-21.85792349726778 732,0.0 0,0.0 0,0.0 0,0.0 0,0.0 0,0.0 0,0.0 0,0.0 0,0.0 0,0.0 0,0.0 0,0.0 0,0.0 0,0.0 0,0.0 0,0.0 0,0.0 0,0.0 0,0.0 0,
0.0 0,0.0 0,0.0 0,0.0 0,0.0 0,0.0 0,0.0 0,0.0 0,0.0 0,0.0 0,0.0 0,0.0 0,0.0 0,0.0 0,0.0 0,0.0 0,0.0 0,0.0 0,0.0 0,0.0 0,-18.791946308724796 4172,0.0 0,0.0 0,0.0 0,0.0 0,0.0 0,0.0 0,0.0 0,0.0 0,0.0 0,0.0 0,0.0 0,0.0 0,0.0 0,0.0 0,0.0 0,0.0 0,0.0 0,0.0 0,0.0 0,
0.0 0,0.0 0,0.0 0,0.0 0,0.0 0,0.0 0,0.0 0,0.0 0,0.0 0,0.0 0,0.0 0,0.0 0,0.0 0,0.0 0,0.0 0,0.0 0,0.0 0,0.0 0,0.0 0,0.0 0,0.0 0,0.0 0,0.0 0,0.0 0,0.0 0,0.0 0,0.0 0,0.0 0,0.0 0,0.0 0,0.0 0,0.0 0,0.0 0,0.0 0,0.0 0,0.0 0,0.0 0,0.0 0,0.0 0,0.0 0,
table3
0.0 0,0.0 0,-25.0 8,0.0 0,159.43396226415092 106,0.0 0,0.0 0,0.0 0,114.30588235294118 425,0.0 0,0.0 0,0.0 0,0.0 0,0.0 0,0.0 0,0.0 0,0.0 0,0.0 0,0.0 0,0.0 0,0.0 0,0.0 0,0.0 0,0.0 0,0.0 0,0.0 0,0.0 0,0.0 0,0.0 0,0.0 0,0.0 0,0.0 0,0.0 0,0.0 0,0.0 0,0.0 0,0.0 0,0.0 0,0.0 0,0.0 0,
0.0 0,0.0 0,198.1818181818182 22,0.0 0,200.0 68,0.0 0,0.0 0,0.0 0,0.0 0,0.0 0,108.0 50,0.0 0,0.0 0,0.0 0,0.0 0,0.0 0,0.0 0,0.0 0,0.0 0,0.0 0,0.0 0,0.0 0,0.0 0,0.0 0,0.0 0,0.0 0,0.0 0,0.0 0,0.0 0,0.0 0,0.0 0,0.0 0,0.0 0,0.0 0,0.0 0,0.0 0,0.0 0,0.0 0,0.0 0,0.0 0,
0.0 0,0.0 0,0.0 0,0.0 0,191.2621359223301 412,0.0 0,187.37704918032787 488,0.0 0,0.0 0,0.0 0,0.0 0,0.0 0,146.54377880184336 434,0.0 0,0.0 0,0.0 0,0.0 0,0.0 0,0.0 0,0.0 0,0.0 0,0.0 0,0.0 0,0.0 0,0.0 0,0.0 0,0.0 0,0.0 0,0.0 0,0.0 0,0.0 0,0.0 0,0.0 0,0.0 0,0.0 0,0.0 0,0.0 0,0.0 0,0.0 0,0.0 0,
0.0 0,0.0 0,0.0 0,0.0 0,0.0 0,0.0 0,0.0 0,0.0 0,0.0 0,0.0 0,0.0 0,0.0 0,0.0 0,0.0 0,0.0 0,0.0 0,0.0 0,0.0 0,0.0 0,0.0 0,0.0 0,0.0 0,0.0 0,0.0 0,0.0 0,0.0 0,0.0 0,0.0 0,0.0 0,0.0 0,0.0 0,0.0 0,0.0 0,0.0 0,0.0 0,0.0 0,0.0 0,0.0 0,0.0 0,0.0 0,
0.0 0,0.0 0,0.0 0,0.0 0,0.0 0,0.0 0,0.0 0,0.0 0,156.8454258675079 634,0.0 0,153.49911190053297 1126,0.0 0,0.0 0,0.0 0,0.0 0,0.0 0,106.57627118644068 4130,0.0 0,0.0 0,0.0 0,0.0 0,0.0 0,0.0 0,0.0 0,0.0 0,0.0 0,0.0 0,0.0 0,0.0 0,0.0 0,0.0 0,0.0 0,0.0 0,0.0 0,0.0 0,0.0 0,0.0 0,0.0 0,0.0 0,0.0 0,
0.0 0,0.0 0,180.0 2,0.0 0,0.0 0,0.0 0,140.0 14,0.0 0,0.0 0,0.0 0,0.0 0,0.0 0,0.0 0,0.0 0,0.0 0,0.0 0,0.0 0,0.0 0,180.0 8,0.0 0,0.0 0,0.0 0,0.0 0,0.0 0,0.0 0,0.0 0,0.0 0,0.0 0,0.0 0,0.0 0,0.0 0,0.0 0,0.0 0,0.0 0,0.0 0,0.0 0,0.0 0,0.0 0,0.0 0,0.0 0,
0.0 0,0.0 0,0.0 0,0.0 0,165.0 16,0.0 0,0.0 0,0.0 0,182.22222222222223 54,0.0 0,0.0 0,0.0 0,0.0 0,0.0 0,0.0 0,0.0 0,0.0 0,0.0 0,0.0 0,0.0 0,232.72727272727272 22,0.0 0,0.0 0,0.0 0,0.0 0,0.0 0,0.0 0,0.0 0,0.0 0,0.0 0,0.0 0,0.0 0,0.0 0,0.0 0,0.0 0,0.0 0,0.0 0,0.0 0,0.0 0,0.0 0,
0.0 0,0.0 0,0.0 0,0.0 0,0.0 0,0.0 0,0.0 0,0.0 0,0.0 0,0.0 0,0.0 0,0.0 0,0.0 0,0.0 0,0.0 0,0.0 0,0.0 0,0.0 0,0.0 0,0.0 0,0.0 0,0.0 0,0.0 0,0.0 0,0.0 0,0.0 0,0.0 0,0.0 0,0.0 0,0.0 0,0.0 0,0.0 0,0.0 0,0.0 0,0.0 0,0.0 0,0.0 0,0.0 0,0.0 0,0.0 0,
0.0 0,0.0 0,0.0 0,0.0 0,0.0 0,0.0 0,0.0 0,0.0 0,0.0 0,0.0 0,0.0 0,0.0 0,0.0 0,0.0 0,0.0 0,0.0 0,0.0 0,0.0 0,0.0 0,0.0 0,0.0 0,0.0 0,0.0 0,0.0 0,0.0 0,0.0 0,0.0 0,0.0 0,0.0 0,0.0 0,0.0 0,0.0 0,0.0 0,0.0 0,0.0 0,0.0 0,0.0 0,0.0 0,0.0 0,0.0 0,
0.0 0,0.0 0,0.0 0,0.0 0,0.0 0,0.0 0,0.0 0,0.0 0,0.0 0,0.0 0,260.0 2,0.0 0,0.0 0,0.0 0,220.0 4,0.0 0,0.0 0,0.0 0,0.0 0,0.0 0,0.0 0,0.0 0,0.0 0,0.0 0,0.0 0,0.0 0,129.99999999999997 56,0.0 0,0.0 0,0.0 0,0.0 0,0.0 0,0.0 0,0.0 0,0.0 0,0.0 0,0.0 0,0.0 0,0.0 0,0.0 0,
0.0 0,0.0 0,0.0 0,0.0 0,159.99999999999997 26,0.0 0,0.0 0,0.0 0,169.25373134328362 268,0.0 0,0.0 0,0.0 0,0.0 0,0.0 0,0.0 0,0.0 0,0.0 0,0.0 0,0.0 0,0.0 0,249.0140845070423 142,0.0 0,0.0 0,0.0 0,0.0 0,0.0 0,0.0 0,0.0 0,0.0 0,0.0 0,0.0 0,0.0 0,0.0 0,0.0 0,0.0 0,0.0 0,0.0 0,0.0 0,0.0 0,0.0 0,
0.0 0,0.0 0,0.0 0,0.0 0,0.0 0,0.0 0,160.68965517241378 58,0.0 0,0.0 0,0.0 0,177.4193548387096 372,0.0 0,0.0 0,0.0 0,0.0 0,0.0 0,0.0 0,0.0 0,0.0 0,0.0 0,0.0 0,0.0 0,216.52173913043478 230,0.0 0,0.0 0,0.0 0,0.0 0,0.0 0,0.0 0,0.0 0,0.0 0,0.0 0,0.0 0,0.0 0,0.0 0,0.0 0,0.0 0,0.0 0,0.0 0,0.0 0,
0.0 0,0.0 0,0.0 0,0.0 0,0.0 0,0.0 0,0.0 0,0.0 0,0.0 0,0.0 0,0.0 0,0.0 0,0.0 0,0.0 0,0.0 0,0.0 0,0.0 0,0.0 0,0.0 0,0.0 0,0.0 0,0.0 0,0.0 0,0.0 0,0.0 0,0.0 0,0.0 0,0.0 0,0.0 0,0.0 0,0.0 0,0.0 0,0.0 0,0.0 0,0.0 0,0.0 0,0.0 0,0.0 0,0.0 0,0.0 0,
0.0 0,0.0 0,0.0 0,0.0 0,0.0 0,0.0 0,0.0 0,0.0 0,0.0 0,0.0 0,0.0 0,0.0 0,0.0 0,0.0 0,0.0 0,0.0 0,0.0 0,0.0 0,0.0 0,0.0 0,0.0 0,0.0 0,0.0 0,0.0 0,0.0 0,0.0 0,0.0 0,0.0 0,0.0 0,0.0 0,0.0 0,0.0 0,0.0 0,0.0 0,0.0 0,0.0 0,0.0 0,0.0 0,0.0 0,0.0 0,
0.0 0,0.0 0,0.0 0,0.0 0,0.0 0,0.0 0,0.0 0,0.0 0,0.0 0,0.0 0,0.0 0,0.0 0,141.53846153846155 26,0.0 0,0.0 0,0.0 0,109.33333333333334 30,0.0 0,0.0 0,0.0 0,153.5483870967742 186,0.0 0,0.0 0,0.0 0,148.8268156424582 358,0.0 0,0.0 0,0.0 0,0.0 0,0.0 0,0.0 0,0.0 0,0.0 0,0.0 0,0.0 0,0.0 0,0.0 0,0.0 0,0.0 0,0.0 0,
0.0 0,0.0 0,0.0 0,0.0 0,0.0 0,0.0 0,0.0 0,0.0 0,0.0 0,0.0 0,0.0 0,0.0 0,0.0 0,0.0 0,0.0 0,0.0 0,0.0 0,0.0 0,0.0 0,0.0 0,0.0 0,0.0 0,0.0 0,0.0 0,0.0 0,0.0 0,0.0 0,0.0 0,0.0 0,0.0 0,0.0 0,0.0 0,0.0 0,0.0 0,0.0 0,0.0 0,0.0 0,0.0 0,0.0 0,0.0 0,
0.0 0,0.0 0,0.0 0,0.0 0,0.0 0,0.0 0,0.0 0,0.0 0,0.0 0,0.0 0,0.0 0,0.0 0,0.0 0,0.0 0,0.0 0,0.0 0,0.0 0,0.0 0,0.0 0,0.0 0,0.0 0,0.0 0,0.0 0,0.0 0,0.0 0,0.0 0,0.0 0,0.0 0,0.0 0,0.0 0,0.0 0,0.0 0,0.0 0,0.0 0,0.0 0,0.0 0,0.0 0,0.0 0,0.0 0,0.0 0,
0.0 0,0.0 0,0.0 0,0.0 0,0.0 0,0.0 0,0.0 0,0.0 0,0.0 0,0.0 0,0.0 0,0.0 0,0.0 0,0.0 0,0.0 0,0.0 0,0.0 0,0.0 0,0.0 0,0.0 0,0.0 0,0.0 0,0.0 0,0.0 0,0.0 0,0.0 0,0.0 0,0.0 0,0.0 0,0.0 0,0.0 0,0.0 0,0.0 0,0.0 0,0.0 0,0.0 0,0.0 0,0.0 0,0.0 0,0.0 0,
0.0 0,0.0 0,0.0 0,0.0 0,0.0 0,0.0 0,0.0 0,0.0 0,0.0 0,0.0 0,0.0 0,0.0 0,0.0 0,0.0 0,0.0 0,0.0 0,0.0 0,0.0 0,0.0 0,0.0 0,0.0 0,0.0 0,0.0 0,0.0 0,0.0 0,0.0 0,0.0 0,0.0 0,0.0 0,0.0 0,0.0 0,0.0 0,0.0 0,0.0 0,0.0 0,0.0 0,0.0 0,0.0 0,0.0 0,0.0 0,
0.0 0,0.0 0,0.0 0,0.0 0,0.0 0,0.0 0,0.0 0,0.0 0,0.0 0,0.0 0,0.0 0,0.0 0,0.0 0,0.0 0,0.0 0,0.0 0,0.0 0,0.0 0,0.0 0,0.0 0,0.0 0,0.0 0,0.0 0,0.0 0,0.0 0,0.0 0,0.0 0,0.0 0,0.0 0,0.0 0,0.0 0,0.0 0,0.0 0,0.0 0,0.0 0,0.0 0,0.0 0,0.0 0,0.0 0,0.0 0,
0.0 0,0.0 0,0.0 0,0.0 0,0.0 0,0.0 0,0.0 0,0.0 0,115.0 48,0.0 0,0.0 0,0.0 0,159.13043478260866 552,0.0 0,0.0 0,0.0 0,0.0 0,0.0 0,0.0 0,0.0 0,0.0 0,0.0 0,0.0 0,0.0 0,234.3859649122807 114,0.0 0,0.0 0,0.0 0,0.0 0,0.0 0,0.0 0,0.0 0,0.0 0,0.0 0,0.0 0,0.0 0,0.0 0,0.0 0,0.0 0,0.0 0,
0.0 0,0.0 0,0.0 0,0.0 0,0.0 0,0.0 0,0.0 0,0.0 0,0.0 0,0.0 0,127.19999999999996 500,0.0 0,0.0 0,0.0 0,163.69620253164535 790,0.0 0,0.0 0,0.0 0,156.36363636363637 44,0.0 0,0.0 0,0.0 0,182.7906976744186 86,0.0 0,0.0 0,0.0 0,185.71428571428575 126,0.0 0,0.0 0,0.0 0,0.0 0,0.0 0,0.0 0,0.0 0,0.0 0,0.0 0,0.0 0,0.0 0,0.0 0,0.0 0,
0.0 0,0.0 0,0.0 0,0.0 0,0.0 0,0.0 0,0.0 0,0.0 0,0.0 0,0.0 0,0.0 0,0.0 0,0.0 0,0.0 0,0.0 0,0.0 0,0.0 0,0.0 0,0.0 0,0.0 0,0.0 0,0.0 0,0.0 0,0.0 0,0.0 0,0.0 0,0.0 0,0.0 0,0.0 0,0.0 0,0.0 0,0.0 0,0.0 0,0.0 0,0.0 0,0.0 0,0.0 0,0.0 0,0.0 0,0.0 0,
0.0 0,0.0 0,0.0 0,0.0 0,0.0 0,0.0 0,0.0 0,0.0 0,0.0 0,0.0 0,0.0 0,0.0 0,0.0 0,0.0 0,0.0 0,0.0 0,0.0 0,0.0 0,0.0 0,0.0 0,0.0 0,0.0 0,0.0 0,0.0 0,0.0 0,0.0 0,0.0 0,0.0 0,0.0 0,0.0 0,0.0 0,0.0 0,0.0 0,0.0 0,0.0 0,0.0 0,0.0 0,0.0 0,0.0 0,0.0 0,
0.0 0,0.0 0,0.0 0,0.0 0,0.0 0,0.0 0,0.0 0,0.0 0,0.0 0,0.0 0,0.0 0,0.0 0,0.0 0,0.0 0,0.0 0,0.0 0,114.32539682539694 2016,0.0 0,0.0 0,0.0 0,115.39726027397258 3650,0.0 0,0.0 0,0.0 0,0.0 0,0.0 0,0.0 0,0.0 0,0.0 0,0.0 0,0.0 0,0.0 0,0.0 0,0.0 0,0.0 0,0.0 0,0.0 0,0.0 0,0.0 0,0.0 0,
0.0 0,0.0 0,0.0 0,0.0 0,0.0 0,0.0 0,0.0 0,0.0 0,0.0 0,0.0 0,0.0 0,0.0 0,0.0 0,0.0 0,0.0 0,0.0 0,0.0 0,0.0 0,180.0 6,0.0 0,0.0 0,0.0 0,0.0 0,0.0 0,0.0 0,0.0 0,0.0 0,0.0 0,0.0 0,0.0 0,0.0 0,0.0 0,0.0 0,0.0 0,0.0 0,0.0 0,0.0 0,0.0 0,0.0 0,0.0 0,
0.0 0,0.0 0,0.0 0,0.0 0,0.0 0,0.0 0,0.0 0,0.0 0,0.0 0,0.0 0,100.0 2,0.0 0,0.0 0,0.0 0,0.0 0,0.0 0,0.0 0,0.0 0,0.0 0,0.0 0,0.0 0,0.0 0,220.0 12,0.0 0,0.0 0,0.0 0,0.0 0,0.0 0,0.0 0,0.0 0,0.0 0,0.0 0,0.0 0,0.0 0,0.0 0,0.0 0,0.0 0,0.0 0,0.0 0,0.0 0,
0.0 0,0.0 0,0.0 0,0.0 0,0.0 0,0.0 0,0.0 0,0.0 0,0.0 0,0.0 0,0.0 0,0.0 0,0.0 0,0.0 0,0.0 0,0.0 0,0.0 0,0.0 0,0.0 0,0.0 0,0.0 0,0.0 0,0.0 0,0.0 0,0.0 0,0.0 0,0.0 0,0.0 0,0.0 0,0.0 0,0.0 0,0.0 0,0.0 0,0.0 0,0.0 0,0.0 0,0.0 0,0.0 0,0.0 0,0.0 0,
0.0 0,0.0 0,0.0 0,0.0 0,0.0 0,0.0 0,0.0 0,0.0 0,0.0 0,0.0 0,0.0 0,0.0 0,0.0 0,0.0 0,0.0 0,0.0 0,0.0 0,0.0 0,0.0 0,0.0 0,0.0 0,0.0 0,0.0 0,0.0 0,0.0 0,0.0 0,0.0 0,0.0 0,0.0 0,0.0 0,0.0 0,0.0 0,0.0 0,0.0 0,0.0 0,0.0 0,0.0 0,0.0 0,0.0 0,0.0 0,
0.0 0,0.0 0,0.0 0,0.0 0,0.0 0,0.0 0,0.0 0,0.0 0,0.0 0,0.0 0,0.0 0,0.0 0,0.0 0,0.0 0,0.0 0,0.0 0,0.0 0,0.0 0,0.0 0,0.0 0,0.0 0,0.0 0,0.0 0,0.0 0,0.0 0,0.0 0,0.0 0,0.0 0,0.0 0,0.0 0,0.0 0,0.0 0,0.0 0,0.0 0,0.0 0,0.0 0,0.0 0,0.0 0,0.0 0,0.0 0,
0.0 0,0.0 0,0.0 0,0.0 0,40.0 2,0.0 0,0.0 0,0.0 0,80.0 8,0.0 0,0.0 0,0.0 0,0.0 0,0.0 0,0.0 0,0.0 0,0.0 0,0.0 0,0.0 0,0.0 0,200.0 14,0.0 0,0.0 0,0.0 0,0.0 0,0.0 0,0.0 0,0.0 0,0.0 0,0.0 0,0.0 0,0.0 0,0.0 0,0.0 0,0.0 0,0.0 0,0.0 0,0.0 0,0.0 0,0.0 0,
0.0 0,0.0 0,0.0 0,0.0 0,0.0 0,0.0 0,0.0 0,0.0 0,0.0 0,0.0 0,0.0 0,0.0 0,120.0 12,0.0 0,0.0 0,0.0 0,0.0 0,0.0 0,0.0 0,0.0 0,0.0 0,0.0 0,0.0 0,0.0 0,240.0 44,0.0 0,0.0 0,0.0 0,0.0 0,0.0 0,0.0 0,0.0 0,0.0 0,0.0 0,0.0 0,0.0 0,0.0 0,0.0 0,0.0 0,0.0 0,
0.0 0,0.0 0,0.0 0,0.0 0,0.0 0,0.0 0,0.0 0,0.0 0,0.0 0,0.0 0,0.0 0,0.0 0,0.0 0,0.0 0,0.0 0,0.0 0,0.0 0,0.0 0,0.0 0,0.0 0,0.0 0,0.0 0,0.0 0,0.0 0,0.0 0,0.0 0,0.0 0,0.0 0,0.0 0,0.0 0,0.0 0,0.0 0,0.0 0,0.0 0,0.0 0,0.0 0,0.0 0,0.0 0,0.0 0,0.0 0,
0.0 0,0.0 0,0.0 0,0.0 0,0.0 0,0.0 0,0.0 0,0.0 0,0.0 0,0.0 0,0.0 0,0.0 0,0.0 0,0.0 0,0.0 0,0.0 0,0.0 0,0.0 0,0.0 0,0.0 0,0.0 0,0.0 0,0.0 0,0.0 0,0.0 0,0.0 0,0.0 0,0.0 0,0.0 0,0.0 0,0.0 0,0.0 0,0.0 0,0.0 0,0.0 0,0.0 0,0.0 0,0.0 0,0.0 0,0.0 0,
0.0 0,0.0 0,0.0 0,0.0 0,0.0 0,0.0 0,0.0 0,0.0 0,0.0 0,0.0 0,0.0 0,0.0 0,0.0 0,0.0 0,0.0 0,0.0 0,0.0 0,0.0 0,0.0 0,0.0 0,0.0 0,0.0 0,0.0 0,0.0 0,0.0 0,0.0 0,0.0 0,0.0 0,0.0 0,0.0 0,0.0 0,0.0 0,320.0 10,0.0 0,0.0 0,0.0 0,0.0 0,0.0 0,0.0 0,0.0 0,
0.0 0,0.0 0,0.0 0,0.0 0,0.0 0,0.0 0,0.0 0,0.0 0,0.0 0,0.0 0,0.0 0,0.0 0,0.0 0,0.0 0,0.0 0,0.0 0,0.0 0,0.0 0,0.0 0,0.0 0,0.0 0,0.0 0,0.0 0,0.0 0,0.0 0,0.0 0,0.0 0,0.0 0,0.0 0,0.0 0,0.0 0,0.0 0,0.0 0,0.0 0,0.0 0,0.0 0,0.0 0,0.0 0,0.0 0,0.0 0,
0.0 0,0.0 0,0.0 0,0.0 0,0.0 0,0.0 0,0.0 0,0.0 0,0.0 0,0.0 0,0.0 0,0.0 0,0.0 0,0.0 0,0.0 0,0.0 0,0.0 0,0.0 0,0.0 0,0.0 0,0.0 0,0.0 0,0.0 0,0.0 0,0.0 0,0.0 0,0.0 0,0.0 0,0.0 0,0.0 0,0.0 0,0.0 0,0.0 0,0.0 0,0.0 0,0.0 0,0.0 0,0.0 0,0.0 0,0.0 0,
0.0 0,0.0 0,0.0 0,0.0 0,0.0 0,0.0 0,0.0 0,0.0 0,0.0 0,0.0 0,0.0 0,0.0 0,0.0 0,0.0 0,0.0 0,0.0 0,0.0 0,0.0 0,0.0 0,0.0 0,0.0 0,0.0 0,0.0 0,0.0 0,0.0 0,0.0 0,0.0 0,0.0 0,0.0 0,0.0 0,0.0 0,0.0 0,0.0 0,0.0 0,0.0 0,0.0 0,0.0 0,0.0 0,0.0 0,0.0 0,
0.0 0,0.0 0,0.0 0,0.0 0,0.0 0,0.0 0,0.0 0,0.0 0,0.0 0,0.0 0,0.0 0,0.0 0,0.0 0,0.0 0,0.0 0,0.0 0,0.0 0,0.0 0,0.0 0,0.0 0,0.0 0,0.0 0,0.0 0,0.0 0,0.0 0,0.0 0,0.0 0,0.0 0,0.0 0,0.0 0,0.0 0,0.0 0,0.0 0,0.0 0,0.0 0,0.0 0,0.0 0,0.0 0,0.0 0,0.0 0,
0.0 0,0.0 0,0.0 0,0.0 0,0.0 0,0.0 0,0.0 0,0.0 0,0.0 0,0.0 0,0.0 0,0.0 0,0.0 0,0.0 0,0.0 0,0.0 0,0.0 0,0.0 0,0.0 0,0.0 0,0.0 0,0.0 0,0.0 0,0.0 0,0.0 0,0.0 0,0.0 0,0.0 0,0.0 0,0.0 0,0.0 0,0.0 0,0.0 0,0.0 0,0.0 0,0.0 0,0.0 0,0.0 0,0.0 0,0.0 0,
0.0 0,0.0 0,0.0 0,0.0 0,0.0 0,0.0 0,0.0 0,0.0 0,0.0 0,0.0 0,0.0 0,0.0 0,0.0 0,0.0 0,0.0 0,0.0 0,0.0 0,0.0 0,0.0 0,0.0 0,0.0 0,0.0 0,0.0 0,0.0 0,0.0 0,0.0 0,0.0 0,0.0 0,0.0 0,0.0 0,0.0 0,0.0 0,0.0 0,0.0 0,0.0 0,0.0 0,0.0 0,0.0 0,0.0 0,0.0 0,
0.0 0,0.0 0,0.0 0,0.0 0,0.0 0,0.0 0,0.0 0,0.0 0,0.0 0,0.0 0,0.0 0,0.0 0,0.0 0,0.0 0,0.0 0,0.0 0,0.0 0,0.0 0,0.0 0,0.0 0,0.0 0,0.0 0,0.0 0,0.0 0,0.0 0,0.0 0,0.0 0,0.0 0,0.0 0,0.0 0,0.0 0,0.0 0,0.0 0,0.0 0,0.0 0,0.0 0,0.0 0,0.0 0,0.0 0,0.0 0,
0.0 0,0.0 0,0.0 0,0.0 0,0.0 0,0.0 0,0.0 0,0.0 0,0.0 0,0.0 0,0.0 0,0.0 0,0.0 0,0.0 0,0.0 0,0.0 0,0.0 0,0.0 0,0.0 0,0.0 0,0.0 0,0.0 0,0.0 0,0.0 0,0.0 0,0.0 0,0.0 0,0.0 0,0.0 0,0.0 0,0.0 0,0.0 0,0.0 0,0.0 0,0.0 0,0.0 0,0.0 0,0.0 0,0.0 0,0.0 0,
0.0 0,0.0 0,0.0 0,0.0 0,0.0 0,0.0 0,0.0 0,0.0 0,0.0 0,0.0 0,0.0 0,0.0 0,0.0 0,0.0 0,0.0 0,0.0 0,0.0 0,0.0 0,0.0 0,0.0 0,0.0 0,0.0 0,0.0 0,0.0 0,0.0 0,0.0 0,0.0 0,0.0 0,0.0 0,0.0 0,0.0 0,0.0 0,0.0 0,0.0 0,0.0 0,0.0 0,0.0 0,0.0 0,0.0 0,0.0 0,
0.0 0,0.0 0,0.0 0,0.0 0,0.0 0,0.0 0,0.0 0,0.0 0,0.0 0,0.0 0,0.0 0,0.0 0,0.0 0,0.0 0,0.0 0,0.0 0,0.0 0,0.0 0,0.0 0,0.0 0,0.0 0,0.0 0,0.0 0,0.0 0,0.0 0,0.0 0,0.0 0,0.0 0,0.0 0,0.0 0,0.0 0,0.0 0,0.0 0,0.0 0,0.0 0,0.0 0,0.0 0,0.0 0,0.0 0,0.0 0,
0.0 0,0.0 0,0.0 0,0.0 0,0.0 0,0.0 0,0.0 0,0.0 0,0.0 0,0.0 0,0.0 0,0.0 0,0.0 0,0.0 0,0.0 0,0.0 0,0.0 0,0.0 0,0.0 0,0.0 0,0.0 0,0.0 0,0.0 0,0.0 0,0.0 0,0.0 0,0.0 0,0.0 0,0.0 0,0.0 0,0.0 0,0.0 0,0.0 0,0.0 0,0.0 0,0.0 0,0.0 0,0.0 0,0.0 0,0.0 0,
0.0 0,0.0 0,0.0 0,0.0 0,0.0 0,0.0 0,0.0 0,0.0 0,0.0 0,0.0 0,0.0 0,0.0 0,0.0 0,0.0 0,0.0 0,0.0 0,0.0 0,0.0 0,0.0 0,0.0 0,0.0 0,0.0 0,0.0 0,0.0 0,0.0 0,0.0 0,0.0 0,0.0 0,0.0 0,0.0 0,0.0 0,0.0 0,0.0 0,0.0 0,0.0 0,0.0 0,0.0 0,0.0 0,0.0 0,0.0 0,
0.0 0,0.0 0,0.0 0,0.0 0,0.0 0,0.0 0,0.0 0,0.0 0,0.0 0,0.0 0,0.0 0,0.0 0,0.0 0,0.0 0,0.0 0,0.0 0,0.0 0,0.0 0,0.0 0,0.0 0,0.0 0,0.0 0,0.0 0,0.0 0,0.0 0,0.0 0,0.0 0,0.0 0,0.0 0,0.0 0,0.0 0,0.0 0,0.0 0,0.0 0,0.0 0,0.0 0,0.0 0,0.0 0,0.0 0,0.0 0,
0.0 0,0.0 0,0.0 0,0.0 0,0.0 0,0.0 0,0.0 0,0.0 0,0.0 0,0.0 0,0.0 0,0.0 0,0.0 0,0.0 0,0.0 0,0.0 0,0.0 0,0.0 0,0.0 0,0.0 0,0.0 0,0.0 0,0.0 0,0.0 0,0.0 0,0.0 0,0.0 0,0.0 0,0.0 0,0.0 0,0.0 0,0.0 0,0.0 0,0.0 0,0.0 0,0.0 0,0.0 0,0.0 0,0.0 0,0.0 0,
0.0 0,0.0 0,0.0 0,0.0 0,0.0 0,0.0 0,0.0 0,0.0 0,0.0 0,0.0 0,0.0 0,0.0 0,0.0 0,0.0 0,0.0 0,0.0 0,0.0 0,0.0 0,180.0 2,0.0 0,0.0 0,0.0 0,0.0 0,0.0 0,0.0 0,0.0 0,260.0 2,0.0 0,0.0 0,0.0 0,0.0 0,0.0 0,0.0 0,0.0 0,0.0 0,0.0 0,0.0 0,0.0 0,0.0 0,0.0 0,
0.0 0,0.0 0,0.0 0,0.0 0,0.0 0,0.0 0,0.0 0,0.0 0,0.0 0,0.0 0,0.0 0,0.0 0,0.0 0,0.0 0,0.0 0,0.0 0,0.0 0,0.0 0,0.0 0,0.0 0,0.0 0,0.0 0,0.0 0,0.0 0,0.0 0,0.0 0,0.0 0,0.0 0,0.0 0,0.0 0,0.0 0,0.0 0,0.0 0,0.0 0,0.0 0,0.0 0,0.0 0,0.0 0,0.0 0,0.0 0,
0.0 0,0.0 0,0.0 0,0.0 0,0.0 0,0.0 0,0.0 0,0.0 0,0.0 0,0.0 0,0.0 0,0.0 0,0.0 0,0.0 0,0.0 0,0.0 0,0.0 0,0.0 0,0.0 0,0.0 0,0.0 0,0.0 0,0.0 0,0.0 0,0.0 0,0.0 0,0.0 0,0.0 0,0.0 0,0.0 0,0.0 0,0.0 0,0.0 0,0.0 0,0.0 0,0.0 0,0.0 0,0.0 0,0.0 0,0.0 0,
0.0 0,0.0 0,0.0 0,0.0 0,40.0 2,0.0 0,0.0 0,0.0 0,80.0 6,0.0 0,0.0 0,0.0 0,0.0 0,0.0 0,0.0 0,0.0 0,0.0 0,0.0 0,0.0 0,0.0 0,200.0 22,0.0 0,0.0 0,0.0 0,0.0 0,0.0 0,113.04347826086959 92,0.0 0,0.0 0,0.0 0,0.0 0,0.0 0,0.0 0,0.0 0,0.0 0,0.0 0,0.0 0,0.0 0,0.0 0,0.0 0,
0.0 0,0.0 0,0.0 0,0.0 0,0.0 0,0.0 0,0.0 0,0.0 0,80.0 10,0.0 0,0.0 0,0.0 0,120.0 76,0.0 0,0.0 0,0.0 0,0.0 0,0.0 0,0.0 0,0.0 0,0.0 0,0.0 0,0.0 0,0.0 0,207.69230769230768 208,0.0 0,0.0 0,0.0 0,0.0 0,0.0 0,0.0 0,0.0 0,0.0 0,0.0 0,0.0 0,0.0 0,0.0 0,0.0 0,0.0 0,0.0 0,
0.0 0,0.0 0,0.0 0,0.0 0,0.0 0,0.0 0,0.0 0,0.0 0,0.0 0,0.0 0,0.0 0,0.0 0,0.0 0,0.0 0,0.0 0,0.0 0,0.0 0,0.0 0,0.0 0,0.0 0,0.0 0,0.0 0,0.0 0,0.0 0,0.0 0,0.0 0,0.0 0,0.0 0,0.0 0,0.0 0,0.0 0,0.0 0,0.0 0,0.0 0,0.0 0,0.0 0,0.0 0,0.0 0,0.0 0,0.0 0,
0.0 0,0.0 0,0.0 0,0.0 0,0.0 0,0.0 0,0.0 0,0.0 0,0.0 0,0.0 0,0.0 0,0.0 0,0.0 0,0.0 0,0.0 0,0.0 0,0.0 0,0.0 0,0.0 0,0.0 0,0.0 0,0.0 0,0.0 0,0.0 0,0.0 0,0.0 0,0.0 0,0.0 0,0.0 0,0.0 0,0.0 0,0.0 0,0.0 0,0.0 0,0.0 0,0.0 0,0.0 0,0.0 0,0.0 0,0.0 0,
0.0 0,0.0 0,0.0 0,0.0 0,0.0 0,0.0 0,0.0 0,0.0 0,0.0 0,0.0 0,0.0 0,0.0 0,0.0 0,0.0 0,0.0 0,0.0 0,0.0 0,0.0 0,0.0 0,0.0 0,0.0 0,0.0 0,0.0 0,0.0 0,0.0 0,0.0 0,0.0 0,0.0 0,280.0 10,0.0 0,0.0 0,0.0 0,260.74074074074076 108,0.0 0,0.0 0,0.0 0,0.0 0,0.0 0,0.0 0,0.0 0,
0.0 0,0.0 0,0.0 0,0.0 0,0.0 0,0.0 0,0.0 0,0.0 0,0.0 0,0.0 0,0.0 0,0.0 0,0.0 0,0.0 0,0.0 0,0.0 0,0.0 0,0.0 0,0.0 0,0.0 0,0.0 0,0.0 0,0.0 0,0.0 0,0.0 0,0.0 0,0.0 0,0.0 0,0.0 0,0.0 0,0.0 0,0.0 0,0.0 0,0.0 0,0.0 0,0.0 0,0.0 0,0.0 0,0.0 0,0.0 0,
0.0 0,0.0 0,0.0 0,0.0 0,0.0 0,0.0 0,0.0 0,0.0 0,0.0 0,0.0 0,100.0 26,0.0 0,0.0 0,0.0 0,0.0 0,0.0 0,0.0 0,0.0 0,0.0 0,0.0 0,0.0 0,0.0 0,220.0 86,0.0 0,0.0 0,0.0 0,0.0 0,0.0 0,0.0 0,0.0 0,0.0 0,0.0 0,0.0 0,0.0 0,0.0 0,0.0 0,0.0 0,0.0 0,0.0 0,0.0 0,
0.0 0,0.0 0,0.0 0,0.0 0,0.0 0,0.0 0,0.0 0,0.0 0,0.0 0,0.0 0,100.0 60,0.0 0,0.0 0,0.0 0,140.0 54,0.0 0,0.0 0,0.0 0,180.0 58,0.0 0,0.0 0,0.0 0,214.01360544217684 294,0.0 0,0.0 0,0.0 0,0.0 0,0.0 0,0.0 0,0.0 0,0.0 0,0.0 0,0.0 0,0.0 0,0.0 0,0.0 0,0.0 0,0.0 0,0.0 0,0.0 0,
0.0 0,0.0 0,0.0 0,0.0 0,0.0 0,0.0 0,0.0 0,0.0 0,0.0 0,0.0 0,0.0 0,0.0 0,0.0 0,0.0 0,0.0 0,0.0 0,0.0 0,0.0 0,0.0 0,0.0 0,0.0 0,0.0 0,0.0 0,0.0 0,0.0 0,0.0 0,0.0 0,0.0 0,0.0 0,0.0 0,0.0 0,0.0 0,0.0 0,0.0 0,0.0 0,0.0 0,0.0 0,0.0 0,0.0 0,0.0 0,
0.0 0,0.0 0,0.0 0,0.0 0,0.0 0,0.0 0,0.0 0,0.0 0,0.0 0,0.0 0,0.0 0,0.0 0,0.0 0,0.0 0,0.0 0,0.0 0,0.0 0,0.0 0,0.0 0,0.0 0,0.0 0,0.0 0,0.0 0,0.0 0,0.0 0,0.0 0,0.0 0,0.0 0,0.0 0,0.0 0,0.0 0,0.0 0,0.0 0,0.0 0,0.0 0,0.0 0,0.0 0,0.0 0,0.0 0,0.0 0,
0.0 0,0.0 0,0.0 0,0.0 0,0.0 0,0.0 0,0.0 0,0.0 0,0.0 0,0.0 0,0.0 0,0.0 0,0.0 0,0.0 0,0.0 0,0.0 0,0.0 0,0.0 0,0.0 0,0.0 0,0.0 0,0.0 0,220.0 20,0.0 0,0.0 0,0.0 0,221.8348623853211 218,0.0 0,0.0 0,0.0 0,0.0 0,0.0 0,0.0 0,0.0 0,0.0 0,0.0 0,0.0 0,0.0 0,0.0 0,0.0 0,
0.0 0,0.0 0,0.0 0,0.0 0,0.0 0,0.0 0,0.0 0,0.0 0,0.0 0,0.0 0,0.0 0,0.0 0,0.0 0,0.0 0,0.0 0,0.0 0,0.0 0,0.0 0,0.0 0,0.0 0,0.0 0,0.0 0,0.0 0,0.0 0,0.0 0,0.0 0,0.0 0,0.0 0,0.0 0,0.0 0,0.0 0,0.0 0,0.0 0,0.0 0,0.0 0,0.0 0,0.0 0,0.0 0,0.0 0,0.0 0,
0.0 0,0.0 0,0.0 0,0.0 0,0.0 0,0.0 0,0.0 0,0.0 0,0.0 0,0.0 0,0.0 0,0.0 0,0.0 0,0.0 0,0.0 0,0.0 0,0.0 0,0.0 0,0.0 0,0.0 0,0.0 0,0.0 0,0.0 0,0.0 0,0.0 0,0.0 0,0.0 0,0.0 0,0.0 0,0.0 0,0.0 0,0.0 0,0.0 0,0.0 0,0.0 0,0.0 0,0.0 0,0.0 0,0.0 0,0.0 0,
0.0 0,0.0 0,0.0 0,0.0 0,0.0 0,0.0 0,0.0 0,0.0 0,0.0 0,0.0 0,0.0 0,0.0 0,0.0 0,0.0 0,0.0 0,0.0 0,0.0 0,0.0 0,0.0 0,0.0 0,0.0 0,0.0 0,0.0 0,0.0 0,0.0 0,0.0 0,0.0 0,0.0 0,0.0 0,0.0 0,0.0 0,0.0 0,0.0 0,0.0 0,0.0 0,0.0 0,0.0 0,0.0 0,0.0 0,0.0 0,
0.0 0,0.0 0,0.0 0,0.0 0,0.0 0,0.0 0,0.0 0,0.0 0,0.0 0,0.0 0,0.0 0,0.0 0,0.0 0,0.0 0,0.0 0,0.0 0,0.0 0,0.0 0,0.0 0,0.0 0,0.0 0,0.0 0,0.0 0,0.0 0,0.0 0,0.0 0,0.0 0,0.0 0,0.0 0,0.0 0,0.0 0,0.0 0,0.0 0,0.0 0,0.0 0,0.0 0,0.0 0,0.0 0,0.0 0,0.0 0,
0.0 0,0.0 0,0.0 0,0.0 0,0.0 0,0.0 0,0.0 0,0.0 0,0.0 0,0.0 0,0.0 0,0.0 0,0.0 0,0.0 0,0.0 0,0.0 0,0.0 0,0.0 0,0.0 0,0.0 0,0.0 0,0.0 0,0.0 0,0.0 0,0.0 0,0.0 0,0.0 0,0.0 0,0.0 0,0.0 0,0.0 0,0.0 0,0.0 0,0.0 0,0.0 0,0.0 0,0.0 0,0.0 0,0.0 0,0.0 0,
0.0 0,0.0 0,0.0 0,0.0 0,0.0 0,0.0 0,0.0 0,0.0 0,0.0 0,0.0 0,0.0 0,0.0 0,0.0 0,0.0 0,0.0 0,0.0 0,0.0 0,0.0 0,0.0 0,0.0 0,0.0 0,0.0 0,0.0 0,0.0 0,0.0 0,0.0 0,0.0 0,0.0 0,0.0 0,0.0 0,0.0 0,0.0 0,0.0 0,0.0 0,0.0 0,0.0 0,0.0 0,0.0 0,0.0 0,0.0 0,
0.0 0,0.0 0,0.0 0,0.0 0,0.0 0,0.0 0,0.0 0,0.0 0,0.0 0,0.0 0,0.0 0,0.0 0,0.0 0,0.0 0,0.0 0,0.0 0,0.0 0,0.0 0,0.0 0,0.0 0,0.0 0,0.0 0,0.0 0,0.0 0,0.0 0,0.0 0,0.0 0,0.0 0,0.0 0,0.0 0,0.0 0,0.0 0,0.0 0,0.0 0,0.0 0,0.0 0,0.0 0,0.0 0,0.0 0,0.0 0,
0.0 0,0.0 0,0.0 0,0.0 0,0.0 0,0.0 0,0.0 0,0.0 0,0.0 0,0.0 0,0.0 0,0.0 0,0.0 0,0.0 0,0.0 0,0.0 0,0.0 0,0.0 0,0.0 0,0.0 0,0.0 0,0.0 0,0.0 0,0.0 0,0.0 0,0.0 0,0.0 0,0.0 0,0.0 0,0.0 0,0.0 0,0.0 0,0.0 0,0.0 0,0.0 0,0.0 0,0.0 0,0.0 0,0.0 0,0.0 0,
0.0 0,0.0 0,0.0 0,0.0 0,0.0 0,0.0 0,0.0 0,0.0 0,0.0 0,0.0 0,0.0 0,0.0 0,0.0 0,0.0 0,0.0 0,0.0 0,0.0 0,0.0 0,0.0 0,0.0 0,0.0 0,0.0 0,0.0 0,0.0 0,0.0 0,0.0 0,0.0 0,0.0 0,0.0 0,0.0 0,0.0 0,0.0 0,0.0 0,0.0 0,0.0 0,0.0 0,0.0 0,0.0 0,0.0 0,0.0 0,
0.0 0,0.0 0,0.0 0,0.0 0,0.0 0,0.0 0,0.0 0,0.0 0,0.0 0,0.0 0,0.0 0,0.0 0,0.0 0,0.0 0,0.0 0,0.0 0,0.0 0,0.0 0,0.0 0,0.0 0,0.0 0,0.0 0,0.0 0,0.0 0,0.0 0,0.0 0,0.0 0,0.0 0,0.0 0,0.0 0,0.0 0,0.0 0,0.0 0,0.0 0,0.0 0,0.0 0,0.0 0,0.0 0,0.0 0,0.0 0,
0.0 0,0.0 0,0.0 0,0.0 0,0.0 0,0.0 0,0.0 0,0.0 0,0.0 0,0.0 0,0.0 0,0.0 0,0.0 0,0.0 0,0.0 0,0.0 0,0.0 0,0.0 0,0.0 0,0.0 0,0.0 0,0.0 0,0.0 0,0.0 0,0.0 0,0.0 0,0.0 0,0.0 0,0.0 0,0.0 0,0.0 0,0.0 0,0.0 0,0.0 0,0.0 0,0.0 0,0.0 0,0.0 0,0.0 0,0.0 0,
0.0 0,0.0 0,0.0 0,0.0 0,0.0 0,0.0 0,0.0 0,0.0 0,0.0 0,0.0 0,0.0 0,0.0 0,0.0 0,0.0 0,0.0 0,0.0 0,0.0 0,0.0 0,0.0 0,0.0 0,0.0 0,0.0 0,0.0 0,0.0 0,0.0 0,0.0 0,0.0 0,0.0 0,0.0 0,0.0 0,0.0 0,0.0 0,0.0 0,0.0 0,0.0 0,0.0 0,0.0 0,0.0 0,0.0 0,0.0 0,
0.0 0,0.0 0,0.0 0,0.0 0,0.0 0,0.0 0,0.0 0,0.0 0,0.0 0,0.0 0,0.0 0,0.0 0,0.0 0,0.0 0,0.0 0,0.0 0,160.0 10,0.0 0,0.0 0,0.0 0,200.0 2,0.0 0,0.0 0,0.0 0,240.0 8,0.0 0,0.0 0,0.0 0,0.0 0,0.0 0,0.0 0,0.0 0,0.0 0,0.0 0,0.0 0,0.0 0,0.0 0,0.0 0,0.0 0,0.0 0,
0.0 0,0.0 0,0.0 0,0.0 0,0.0 0,0.0 0,0.0 0,0.0 0,0.0 0,0.0 0,0.0 0,0.0 0,0.0 0,0.0 0,0.0 0,0.0 0,160.0 8,0.0 0,0.0 0,0.0 0,138.46153846153845 26,0.0 0,0.0 0,0.0 0,0.0 0,0.0 0,0.0 0,0.0 0,0.0 0,0.0 0,0.0 0,0.0 0,0.0 0,0.0 0,0.0 0,0.0 0,0.0 0,0.0 0,0.0 0,0.0 0,
0.0 0,0.0 0,0.0 0,0.0 0,0.0 0,0.0 0,0.0 0,0.0 0,0.0 0,0.0 0,0.0 0,0.0 0,0.0 0,0.0 0,0.0 0,0.0 0,0.0 0,0.0 0,0.0 0,0.0 0,200.0 24,0.0 0,0.0 0,0.0 0,163.73831775700936 214,0.0 0,0.0 0,0.0 0,0.0 0,0.0 0,0.0 0,0.0 0,0.0 0,0.0 0,0.0 0,0.0 0,0.0 0,0.0 0,0.0 0,0.0 0,
0.0 0,0.0 0,0.0 0,0.0 0,0.0 0,0.0 0,0.0 0,0.0 0,0.0 0,0.0 0,0.0 0,0.0 0,0.0 0,0.0 0,0.0 0,0.0 0,0.0 0,0.0 0,0.0 0,0.0 0,0.0 0,0.0 0,0.0 0,0.0 0,156.09756097560975 492,0.0 0,0.0 0,0.0 0,0.0 0,0.0 0,0.0 0,0.0 0,0.0 0,0.0 0,0.0 0,0.0 0,0.0 0,0.0 0,0.0 0,0.0 0,
0.0 0,0.0 0,0.0 0,0.0 0,0.0 0,0.0 0,0.0 0,0.0 0,0.0 0,0.0 0,0.0 0,0.0 0,0.0 0,0.0 0,0.0 0,0.0 0,0.0 0,0.0 0,0.0 0,0.0 0,0.0 0,0.0 0,0.0 0,0.0 0,0.0 0,0.0 0,0.0 0,0.0 0,0.0 0,0.0 0,0.0 0,0.0 0,0.0 0,0.0 0,0.0 0,0.0 0,0.0 0,0.0 0,0.0 0,0.0 0,
0.0 0,0.0 0,0.0 0,0.0 0,0.0 0,0.0 0,0.0 0,0.0 0,0.0 0,0.0 0,0.0 0,0.0 0,0.0 0,0.0 0,0.0 0,0.0 0,0.0 0,0.0 0,0.0 0,0.0 0,0.0 0,0.0 0,0.0 0,0.0 0,0.0 0,0.0 0,0.0 0,0.0 0,0.0 0,0.0 0,0.0 0,0.0 0,0.0 0,0.0 0,0.0 0,0.0 0,0.0 0,0.0 0,0.0 0,0.0 0,
0.0 0,0.0 0,0.0 0,0.0 0,0.0 0,0.0 0,0.0 0,0.0 0,0.0 0,0.0 0,0.0 0,0.0 0,0.0 0,0.0 0,0.0 0,0.0 0,0.0 0,0.0 0,0.0 0,0.0 0,0.0 0,0.0 0,0.0 0,0.0 0,0.0 0,0.0 0,0.0 0,0.0 0,0.0 0,0.0 0,0.0 0,0.0 0,0.0 0,0.0 0,0.0 0,0.0 0,0.0 0,0.0 0,0.0 0,0.0 0,
0.0 0,0.0 0,0.0 0,0.0 0,0.0 0,0.0 0,0.0 0,0.0 0,0.0 0,0.0 0,0.0 0,0.0 0,0.0 0,0.0 0,0.0 0,0.0 0,0.0 0,0.0 0,0.0 0,0.0 0,0.0 0,0.0 0,0.0 0,0.0 0,0.0 0,0.0 0,0.0 0,0.0 0,0.0 0,0.0 0,0.0 0,0.0 0,0.0 0,0.0 0,0.0 0,0.0 0,0.0 0,0.0 0,0.0 0,0.0 0,
0.0 0,0.0 0,0.0 0,0.0 0,0.0 0,0.0 0,0.0 0,0.0 0,0.0 0,0.0 0,0.0 0,0.0 0,0.0 0,0.0 0,0.0 0,0.0 0,0.0 0,0.0 0,0.0 0,0.0 0,0.0 0,0.0 0,0.0 0,0.0 0,0.0 0,0.0 0,0.0 0,0.0 0,0.0 0,0.0 0,0.0 0,0.0 0,0.0 0,0.0 0,0.0 0,0.0 0,0.0 0,0.0 0,0.0 0,0.0 0,
0.0 0,0.0 0,0.0 0,0.0 0,0.0 0,0.0 0,0.0 0,0.0 0,0.0 0,0.0 0,0.0 0,0.0 0,0.0 0,0.0 0,0.0 0,0.0 0,0.0 0,0.0 0,0.0 0,0.0 0,0.0 0,0.0 0,0.0 0,0.0 0,0.0 0,0.0 0,0.0 0,0.0 0,0.0 0,0.0 0,0.0 0,0.0 0,0.0 0,0.0 0,0.0 0,0.0 0,0.0 0,0.0 0,0.0 0,0.0 0,
0.0 0,0.0 0,0.0 0,0.0 0,0.0 0,0.0 0,0.0 0,0.0 0,0.0 0,0.0 0,0.0 0,0.0 0,0.0 0,0.0 0,0.0 0,0.0 0,0.0 0,0.0 0,0.0 0,0.0 0,0.0 0,0.0 0,0.0 0,0.0 0,0.0 0,0.0 0,0.0 0,0.0 0,0.0 0,0.0 0,0.0 0,0.0 0,0.0 0,0.0 0,0.0 0,0.0 0,0.0 0,0.0 0,0.0 0,0.0 0,
0.0 0,0.0 0,0.0 0,0.0 0,0.0 0,0.0 0,0.0 0,0.0 0,0.0 0,0.0 0,0.0 0,0.0 0,0.0 0,0.0 0,0.0 0,0.0 0,0.0 0,0.0 0,0.0 0,0.0 0,0.0 0,0.0 0,0.0 0,0.0 0,0.0 0,0.0 0,0.0 0,0.0 0,0.0 0,0.0 0,0.0 0,0.0 0,0.0 0,0.0 0,0.0 0,0.0 0,0.0 0,0.0 0,0.0 0,0.0 0,
0.0 0,0.0 0,0.0 0,0.0 0,0.0 0,0.0 0,0.0 0,0.0 0,0.0 0,0.0 0,0.0 0,0.0 0,0.0 0,0.0 0,0.0 0,0.0 0,0.0 0,0.0 0,0.0 0,0.0 0,0.0 0,0.0 0,0.0 0,0.0 0,0.0 0,0.0 0,0.0 0,0.0 0,0.0 0,0.0 0,0.0 0,0.0 0,0.0 0,0.0 0,0.0 0,0.0 0,0.0 0,0.0 0,0.0 0,0.0 0,
0.0 0,0.0 0,0.0 0,0.0 0,0.0 0,0.0 0,0.0 0,0.0 0,0.0 0,0.0 0,0.0 0,0.0 0,0.0 0,0.0 0,0.0 0,0.0 0,0.0 0,0.0 0,0.0 0,0.0 0,0.0 0,0.0 0,0.0 0,0.0 0,0.0 0,0.0 0,0.0 0,0.0 0,0.0 0,0.0 0,0.0 0,0.0 0,0.0 0,0.0 0,0.0 0,0.0 0,0.0 0,0.0 0,0.0 0,0.0 0,
0.0 0,0.0 0,0.0 0,0.0 0,0.0 0,0.0 0,0.0 0,0.0 0,0.0 0,0.0 0,0.0 0,0.0 0,0.0 0,0.0 0,0.0 0,0.0 0,0.0 0,0.0 0,0.0 0,0.0 0,0.0 0,0.0 0,0.0 0,0.0 0,0.0 0,0.0 0,0.0 0,0.0 0,0.0 0,0.0 0,0.0 0,0.0 0,0.0 0,0.0 0,0.0 0,0.0 0,0.0 0,0.0 0,0.0 0,0.0 0,
0.0 0,0.0 0,0.0 0,0.0 0,0.0 0,0.0 0,0.0 0,0.0 0,0.0 0,0.0 0,0.0 0,0.0 0,0.0 0,0.0 0,0.0 0,0.0 0,0.0 0,0.0 0,0.0 0,0.0 0,0.0 0,0.0 0,0.0 0,0.0 0,0.0 0,0.0 0,0.0 0,0.0 0,0.0 0,0.0 0,0.0 0,0.0 0,0.0 0,0.0 0,0.0 0,0.0 0,0.0 0,0.0 0,0.0 0,0.0 0,
0.0 0,0.0 0,0.0 0,0.0 0,0.0 0,0.0 0,0.0 0,0.0 0,0.0 0,0.0 0,0.0 0,0.0 0,0.0 0,0.0 0,0.0 0,0.0 0,0.0 0,0.0 0,0.0 0,0.0 0,0.0 0,0.0 0,0.0 0,0.0 0,0.0 0,0.0 0,0.0 0,0.0 0,0.0 0,0.0 0,0.0 0,0.0 0,0.0 0,0.0 0,0.0 0,0.0 0,0.0 0,0.0 0,0.0 0,0.0 0,
0.0 0,0.0 0,0.0 0,0.0 0,0.0 0,0.0 0,0.0 0,0.0 0,0.0 0,0.0 0,0.0 0,0.0 0,0.0 0,0.0 0,0.0 0,0.0 0,0.0 0,0.0 0,0.0 0,0.0 0,0.0 0,0.0 0,0.0 0,0.0 0,0.0 0,0.0 0,0.0 0,0.0 0,0.0 0,0.0 0,0.0 0,0.0 0,0.0 0,0.0 0,0.0 0,0.0 0,0.0 0,0.0 0,0.0 0,0.0 0,
0.0 0,0.0 0,0.0 0,0.0 0,0.0 0,0.0 0,0.0 0,0.0 0,0.0 0,0.0 0,0.0 0,0.0 0,0.0 0,0.0 0,0.0 0,0.0 0,0.0 0,0.0 0,0.0 0,0.0 0,0.0 0,0.0 0,0.0 0,0.0 0,0.0 0,0.0 0,0.0 0,0.0 0,0.0 0,0.0 0,0.0 0,0.0 0,0.0 0,0.0 0,0.0 0,0.0 0,0.0 0,0.0 0,0.0 0,0.0 0,
0.0 0,0.0 0,0.0 0,0.0 0,0.0 0,0.0 0,0.0 0,0.0 0,0.0 0,0.0 0,0.0 0,0.0 0,0.0 0,0.0 0,0.0 0,0.0 0,0.0 0,0.0 0,0.0 0,0.0 0,0.0 0,0.0 0,0.0 0,0.0 0,0.0 0,0.0 0,0.0 0,0.0 0,0.0 0,0.0 0,0.0 0,0.0 0,0.0 0,0.0 0,0.0 0,0.0 0,0.0 0,0.0 0,0.0 0,0.0 0,
0.0 0,0.0 0,0.0 0,0.0 0,0.0 0,0.0 0,0.0 0,0.0 0,0.0 0,0.0 0,0.0 0,0.0 0,0.0 0,0.0 0,0.0 0,0.0 0,0.0 0,0.0 0,0.0 0,0.0 0,0.0 0,0.0 0,0.0 0,0.0 0,0.0 0,0.0 0,0.0 0,0.0 0,0.0 0,0.0 0,0.0 0,0.0 0,0.0 0,0.0 0,0.0 0,0.0 0,0.0 0,0.0 0,0.0 0,0.0 0,
0.0 0,0.0 0,0.0 0,0.0 0,0.0 0,0.0 0,0.0 0,0.0 0,0.0 0,0.0 0,0.0 0,0.0 0,0.0 0,0.0 0,0.0 0,0.0 0,0.0 0,0.0 0,0.0 0,0.0 0,0.0 0,0.0 0,0.0 0,0.0 0,0.0 0,0.0 0,0.0 0,0.0 0,0.0 0,0.0 0,0.0 0,0.0 0,0.0 0,0.0 0,0.0 0,0.0 0,0.0 0,0.0 0,0.0 0,0.0 0,
0.0 0,0.0 0,0.0 0,0.0 0,0.0 0,0.0 0,0.0 0,0.0 0,0.0 0,0.0 0,0.0 0,0.0 0,0.0 0,0.0 0,0.0 0,0.0 0,0.0 0,0.0 0,0.0 0,0.0 0,0.0 0,0.0 0,0.0 0,0.0 0,0.0 0,0.0 0,0.0 0,0.0 0,0.0 0,0.0 0,0.0 0,0.0 0,0.0 0,0.0 0,0.0 0,0.0 0,0.0 0,0.0 0,0.0 0,0.0 0,
0.0 0,0.0 0,0.0 0,0.0 0,0.0 0,0.0 0,0.0 0,0.0 0,0.0 0,0.0 0,0.0 0,0.0 0,0.0 0,0.0 0,0.0 0,0.0 0,0.0 0,0.0 0,0.0 0,0.0 0,0.0 0,0.0 0,0.0 0,0.0 0,0.0 0,0.0 0,0.0 0,0.0 0,0.0 0,0.0 0,0.0 0,0.0 0,0.0 0,0.0 0,0.0 0,0.0 0,0.0 0,0.0 0,0.0 0,0.0 0,
0.0 0,0.0 0,0.0 0,0.0 0,0.0 0,0.0 0,0.0 0,0.0 0,0.0 0,0.0 0,0.0 0,0.0 0,0.0 0,0.0 0,0.0 0,0.0 0,0.0 0,0.0 0,0.0 0,0.0 0,0.0 0,0.0 0,0.0 0,0.0 0,0.0 0,0.0 0,0.0 0,0.0 0,0.0 0,0.0 0,0.0 0,0.0 0,0.0 0,0.0 0,0.0 0,0.0 0,0.0 0,0.0 0,0.0 0,0.0 0,
0.0 0,0.0 0,0.0 0,0.0 0,0.0 0,0.0 0,0.0 0,0.0 0,0.0 0,0.0 0,0.0 0,0.0 0,0.0 0,0.0 0,0.0 0,0.0 0,0.0 0,0.0 0,0.0 0,0.0 0,0.0 0,0.0 0,0.0 0,0.0 0,0.0 0,0.0 0,0.0 0,0.0 0,0.0 0,0.0 0,0.0 0,0.0 0,0.0 0,0.0 0,0.0 0,0.0 0,0.0 0,0.0 0,0.0 0,0.0 0,
0.0 0,0.0 0,0.0 0,0.0 0,0.0 0,0.0 0,0.0 0,0.0 0,0.0 0,0.0 0,0.0 0,0.0 0,0.0 0,0.0 0,0.0 0,0.0 0,0.0 0,0.0 0,0.0 0,0.0 0,0.0 0,0.0 0,0.0 0,0.0 0,0.0 0,0.0 0,0.0 0,0.0 0,0.0 0,0.0 0,0.0 0,0.0 0,0.0 0,0.0 0,0.0 0,0.0 0,0.0 0,0.0 0,0.0 0,0.0 0,
0.0 0,0.0 0,0.0 0,0.0 0,0.0 0,0.0 0,0.0 0,0.0 0,0.0 0,0.0 0,0.0 0,0.0 0,0.0 0,0.0 0,0.0 0,0.0 0,0.0 0,0.0 0,0.0 0,0.0 0,0.0 0,0.0 0,0.0 0,0.0 0,0.0 0,0.0 0,0.0 0,0.0 0,0.0 0,0.0 0,0.0 0,0.0 0,0.0 0,0.0 0,0.0 0,0.0 0,0.0 0,0.0 0,0.0 0,0.0 0,
0.0 0,0.0 0,0.0 0,0.0 0,0.0 0,0.0 0,0.0 0,0.0 0,0.0 0,0.0 0,0.0 0,0.0 0,0.0 0,0.0 0,0.0 0,0.0 0,0.0 0,0.0 0,0.0 0,0.0 0,0.0 0,0.0 0,0.0 0,0.0 0,0.0 0,0.0 0,0.0 0,0.0 0,0.0 0,0.0 0,0.0 0,0.0 0,0.0 0,0.0 0,0.0 0,0.0 0,0.0 0,0.0 0,0.0 0,0.0 0,
0.0 0,0.0 0,0.0 0,0.0 0,0.0 0,0.0 0,0.0 0,0.0 0,0.0 0,0.0 0,0.0 0,0.0 0,0.0 0,0.0 0,0.0 0,0.0 0,0.0 0,0.0 0,0.0 0,0.0 0,0.0 0,0.0 0,0.0 0,0.0 0,0.0 0,0.0 0,0.0 0,0.0 0,0.0 0,0.0 0,0.0 0,0.0 0,0.0 0,0.0 0,0.0 0,0.0 0,0.0 0,0.0 0,0.0 0,0.0 0,
0.0 0,0.0 0,0.0 0,0.0 0,0.0 0,0.0 0,0.0 0,0.0 0,0.0 0,0.0 0,0.0 0,0.0 0,0.0 0,0.0 0,0.0 0,0.0 0,0.0 0,0.0 0,0.0 0,0.0 0,0.0 0,0.0 0,0.0 0,0.0 0,0.0 0,0.0 0,0.0 0,0.0 0,0.0 0,0.0 0,0.0 0,0.0 0,0.0 0,0.0 0,0.0 0,0.0 0,0.0 0,0.0 0,0.0 0,0.0 0,
0.0 0,0.0 0,0.0 0,0.0 0,0.0 0,0.0 0,0.0 0,0.0 0,0.0 0,0.0 0,0.0 0,0.0 0,0.0 0,0.0 0,0.0 0,0.0 0,0.0 0,0.0 0,0.0 0,0.0 0,0.0 0,0.0 0,0.0 0,0.0 0,0.0 0,0.0 0,0.0 0,0.0 0,0.0 0,0.0 0,0.0 0,0.0 0,0.0 0,0.0 0,0.0 0,0.0 0,0.0 0,0.0 0,0.0 0,0.0 0,
0.0 0,0.0 0,0.0 0,0.0 0,0.0 0,0.0 0,0.0 0,0.0 0,80.0 14,0.0 0,0.0 0,0.0 0,120.0 40,0.0 0,0.0 0,0.0 0,0.0 0,0.0 0,0.0 0,0.0 0,0.0 0,0.0 0,0.0 0,0.0 0,160.00000000000003 36,0.0 0,0.0 0,0.0 0,0.0 0,0.0 0,0.0 0,0.0 0,0.0 0,0.0 0,0.0 0,0.0 0,0.0 0,0.0 0,0.0 0,0.0 0,
0.0 0,0.0 0,0.0 0,0.0 0,0.0 0,0.0 0,0.0 0,0.0 0,0.0 0,0.0 0,0.0 0,0.0 0,120.0 218,0.0 0,0.0 0,0.0 0,160.0 228,0.0 0,0.0 0,0.0 0,200.0 10,0.0 0,0.0 0,0.0 0,226.66666666666666 72,0.0 0,0.0 0,0.0 0,255.11111111111111 90,0.0 0,0.0 0,0.0 0,0.0 0,0.0 0,0.0 0,0.0 0,0.0 0,0.0 0,0.0 0,0.0 0,
0.0 0,0.0 0,0.0 0,0.0 0,0.0 0,0.0 0,0.0 0,0.0 0,0.0 0,0.0 0,0.0 0,0.0 0,0.0 0,0.0 0,0.0 0,0.0 0,0.0 0,0.0 0,0.0 0,0.0 0,0.0 0,0.0 0,0.0 0,0.0 0,0.0 0,0.0 0,0.0 0,0.0 0,0.0 0,0.0 0,0.0 0,0.0 0,0.0 0,0.0 0,0.0 0,0.0 0,0.0 0,0.0 0,0.0 0,0.0 0,
0.0 0,0.0 0,0.0 0,0.0 0,0.0 0,0.0 0,0.0 0,0.0 0,0.0 0,0.0 0,0.0 0,0.0 0,0.0 0,0.0 0,0.0 0,0.0 0,0.0 0,0.0 0,0.0 0,0.0 0,0.0 0,0.0 0,0.0 0,0.0 0,0.0 0,0.0 0,0.0 0,0.0 0,0.0 0,0.0 0,0.0 0,0.0 0,0.0 0,0.0 0,0.0 0,0.0 0,0.0 0,0.0 0,0.0 0,0.0 0,
0.0 0,0.0 0,0.0 0,0.0 0,0.0 0,0.0 0,0.0 0,0.0 0,0.0 0,0.0 0,0.0 0,0.0 0,0.0 0,0.0 0,0.0 0,0.0 0,0.0 0,0.0 0,0.0 0,0.0 0,0.0 0,0.0 0,0.0 0,0.0 0,222.85714285714286 56,0.0 0,0.0 0,0.0 0,217.77777777777777 72,0.0 0,0.0 0,0.0 0,0.0 0,0.0 0,0.0 0,0.0 0,0.0 0,0.0 0,0.0 0,0.0 0,
0.0 0,0.0 0,0.0 0,0.0 0,0.0 0,0.0 0,0.0 0,0.0 0,0.0 0,0.0 0,0.0 0,0.0 0,0.0 0,0.0 0,0.0 0,0.0 0,0.0 0,0.0 0,0.0 0,0.0 0,0.0 0,0.0 0,0.0 0,0.0 0,0.0 0,0.0 0,0.0 0,0.0 0,0.0 0,0.0 0,0.0 0,0.0 0,0.0 0,0.0 0,0.0 0,0.0 0,0.0 0,0.0 0,0.0 0,0.0 0,
0.0 0,0.0 0,0.0 0,0.0 0,0.0 0,0.0 0,0.0 0,0.0 0,0.0 0,0.0 0,100.0 218,0.0 0,0.0 0,0.0 0,140.0 192,0.0 0,0.0 0,0.0 0,135.0 64,0.0 0,0.0 0,0.0 0,211.69811320754718 106,0.0 0,0.0 0,0.0 0,260.0 52,0.0 0,0.0 0,0.0 0,0.0 0,0.0 0,0.0 0,0.0 0,0.0 0,0.0 0,0.0 0,0.0 0,0.0 0,0.0 0,
0.0 0,0.0 0,0.0 0,0.0 0,0.0 0,0.0 0,0.0 0,0.0 0,0.0 0,0.0 0,0.0 0,0.0 0,0.0 0,0.0 0,140.0 396,0.0 0,0.0 0,0.0 0,174.12244897959184 490,0.0 0,0.0 0,0.0 0,0.0 0,0.0 0,0.0 0,0.0 0,211.9327731092437 238,0.0 0,0.0 0,0.0 0,0.0 0,0.0 0,0.0 0,0.0 0,0.0 0,0.0 0,0.0 0,0.0 0,0.0 0,0.0 0,
0.0 0,0.0 0,0.0 0,0.0 0,0.0 0,0.0 0,0.0 0,0.0 0,0.0 0,0.0 0,0.0 0,0.0 0,0.0 0,0.0 0,0.0 0,0.0 0,0.0 0,0.0 0,180.0 10,0.0 0,0.0 0,0.0 0,206.66666666666666 66,0.0 0,0.0 0,0.0 0,0.0 0,0.0 0,0.0 0,0.0 0,0.0 0,0.0 0,0.0 0,0.0 0,0.0 0,0.0 0,0.0 0,0.0 0,0.0 0,0.0 0,
0.0 0,0.0 0,0.0 0,0.0 0,0.0 0,0.0 0,0.0 0,0.0 0,0.0 0,0.0 0,0.0 0,0.0 0,0.0 0,0.0 0,0.0 0,0.0 0,0.0 0,0.0 0,0.0 0,0.0 0,0.0 0,0.0 0,220.0 16,0.0 0,0.0 0,0.0 0,198.09523809523805 84,0.0 0,0.0 0,0.0 0,0.0 0,0.0 0,0.0 0,0.0 0,0.0 0,0.0 0,0.0 0,0.0 0,0.0 0,0.0 0,
0.0 0,0.0 0,0.0 0,0.0 0,0.0 0,0.0 0,0.0 0,0.0 0,0.0 0,0.0 0,0.0 0,0.0 0,0.0 0,0.0 0,0.0 0,0.0 0,0.0 0,0.0 0,0.0 0,0.0 0,0.0 0,0.0 0,0.0 0,0.0 0,0.0 0,0.0 0,214.28571428571428 182,0.0 0,0.0 0,0.0 0,0.0 0,0.0 0,0.0 0,0.0 0,0.0 0,0.0 0,0.0 0,0.0 0,0.0 0,0.0 0,
0.0 0,0.0 0,0.0 0,0.0 0,0.0 0,0.0 0,0.0 0,0.0 0,0.0 0,0.0 0,0.0 0,0.0 0,0.0 0,0.0 0,0.0 0,0.0 0,0.0 0,0.0 0,0.0 0,0.0 0,0.0 0,0.0 0,0.0 0,0.0 0,0.0 0,0.0 0,0.0 0,0.0 0,0.0 0,0.0 0,0.0 0,0.0 0,0.0 0,0.0 0,0.0 0,0.0 0,0.0 0,0.0 0,0.0 0,0.0 0,
0.0 0,0.0 0,0.0 0,0.0 0,0.0 0,0.0 0,0.0 0,0.0 0,0.0 0,0.0 0,0.0 0,0.0 0,0.0 0,0.0 0,0.0 0,0.0 0,0.0 0,0.0 0,0.0 0,0.0 0,0.0 0,0.0 0,0.0 0,0.0 0,0.0 0,0.0 0,0.0 0,0.0 0,0.0 0,0.0 0,0.0 0,0.0 0,0.0 0,0.0 0,0.0 0,0.0 0,0.0 0,0.0 0,0.0 0,0.0 0,
0.0 0,0.0 0,0.0 0,0.0 0,0.0 0,0.0 0,0.0 0,0.0 0,0.0 0,0.0 0,0.0 0,0.0 0,0.0 0,0.0 0,0.0 0,0.0 0,0.0 0,0.0 0,0.0 0,0.0 0,0.0 0,0.0 0,0.0 0,0.0 0,0.0 0,0.0 0,0.0 0,0.0 0,0.0 0,0.0 0,0.0 0,0.0 0,0.0 0,0.0 0,0.0 0,0.0 0,0.0 0,0.0 0,0.0 0,0.0 0,
0.0 0,0.0 0,0.0 0,0.0 0,0.0 0,0.0 0,0.0 0,0.0 0,0.0 0,0.0 0,0.0 0,0.0 0,0.0 0,0.0 0,0.0 0,0.0 0,0.0 0,0.0 0,0.0 0,0.0 0,0.0 0,0.0 0,0.0 0,0.0 0,0.0 0,0.0 0,0.0 0,0.0 0,0.0 0,0.0 0,0.0 0,0.0 0,0.0 0,0.0 0,0.0 0,0.0 0,0.0 0,0.0 0,0.0 0,0.0 0,
0.0 0,0.0 0,0.0 0,0.0 0,0.0 0,0.0 0,0.0 0,0.0 0,0.0 0,0.0 0,0.0 0,0.0 0,0.0 0,0.0 0,0.0 0,0.0 0,0.0 0,0.0 0,0.0 0,0.0 0,0.0 0,0.0 0,0.0 0,0.0 0,0.0 0,0.0 0,0.0 0,0.0 0,0.0 0,0.0 0,0.0 0,0.0 0,0.0 0,0.0 0,0.0 0,0.0 0,0.0 0,0.0 0,0.0 0,0.0 0,
0.0 0,0.0 0,0.0 0,0.0 0,0.0 0,0.0 0,0.0 0,0.0 0,0.0 0,0.0 0,0.0 0,0.0 0,0.0 0,0.0 0,0.0 0,0.0 0,0.0 0,0.0 0,0.0 0,0.0 0,0.0 0,0.0 0,0.0 0,0.0 0,0.0 0,0.0 0,0.0 0,0.0 0,0.0 0,0.0 0,0.0 0,0.0 0,0.0 0,0.0 0,0.0 0,0.0 0,0.0 0,0.0 0,0.0 0,0.0 0,
0.0 0,0.0 0,0.0 0,0.0 0,0.0 0,0.0 0,0.0 0,0.0 0,0.0 0,0.0 0,0.0 0,0.0 0,0.0 0,0.0 0,0.0 0,0.0 0,0.0 0,0.0 0,0.0 0,0.0 0,0.0 0,0.0 0,0.0 0,0.0 0,0.0 0,0.0 0,0.0 0,0.0 0,0.0 0,0.0 0,0.0 0,0.0 0,0.0 0,0.0 0,0.0 0,0.0 0,0.0 0,0.0 0,0.0 0,0.0 0,
0.0 0,0.0 0,0.0 0,0.0 0,0.0 0,0.0 0,0.0 0,0.0 0,0.0 0,0.0 0,0.0 0,0.0 0,0.0 0,0.0 0,0.0 0,0.0 0,0.0 0,0.0 0,0.0 0,0.0 0,0.0 0,0.0 0,0.0 0,0.0 0,0.0 0,0.0 0,0.0 0,0.0 0,0.0 0,0.0 0,0.0 0,0.0 0,0.0 0,0.0 0,0.0 0,0.0 0,0.0 0,0.0 0,0.0 0,0.0 0,
0.0 0,0.0 0,0.0 0,0.0 0,0.0 0,0.0 0,0.0 0,0.0 0,0.0 0,0.0 0,0.0 0,0.0 0,0.0 0,0.0 0,0.0 0,0.0 0,0.0 0,0.0 0,0.0 0,0.0 0,0.0 0,0.0 0,0.0 0,0.0 0,0.0 0,0.0 0,0.0 0,0.0 0,0.0 0,0.0 0,0.0 0,0.0 0,0.0 0,0.0 0,0.0 0,0.0 0,0.0 0,0.0 0,0.0 0,0.0 0,
0.0 0,0.0 0,0.0 0,0.0 0,0.0 0,0.0 0,0.0 0,0.0 0,0.0 0,0.0 0,0.0 0,0.0 0,0.0 0,0.0 0,0.0 0,0.0 0,0.0 0,0.0 0,0.0 0,0.0 0,0.0 0,0.0 0,0.0 0,0.0 0,0.0 0,0.0 0,0.0 0,0.0 0,0.0 0,0.0 0,0.0 0,0.0 0,0.0 0,0.0 0,0.0 0,0.0 0,0.0 0,0.0 0,0.0 0,0.0 0,
0.0 0,0.0 0,0.0 0,0.0 0,0.0 0,0.0 0,0.0 0,0.0 0,0.0 0,0.0 0,0.0 0,0.0 0,0.0 0,0.0 0,0.0 0,0.0 0,0.0 0,0.0 0,0.0 0,0.0 0,0.0 0,0.0 0,0.0 0,0.0 0,0.0 0,0.0 0,0.0 0,0.0 0,0.0 0,0.0 0,0.0 0,0.0 0,0.0 0,0.0 0,0.0 0,0.0 0,0.0 0,0.0 0,0.0 0,0.0 0,
0.0 0,0.0 0,0.0 0,0.0 0,0.0 0,0.0 0,0.0 0,0.0 0,0.0 0,0.0 0,0.0 0,0.0 0,0.0 0,0.0 0,0.0 0,0.0 0,0.0 0,0.0 0,0.0 0,0.0 0,0.0 0,0.0 0,0.0 0,0.0 0,0.0 0,0.0 0,0.0 0,0.0 0,0.0 0,0.0 0,0.0 0,0.0 0,0.0 0,0.0 0,0.0 0,0.0 0,0.0 0,0.0 0,0.0 0,0.0 0,
0.0 0,0.0 0,0.0 0,0.0 0,0.0 0,0.0 0,0.0 0,0.0 0,0.0 0,0.0 0,0.0 0,0.0 0,0.0 0,0.0 0,0.0 0,0.0 0,126.05217391304363 1150,0.0 0,0.0 0,0.0 0,129.84901277584189 1722,0.0 0,0.0 0,0.0 0,0.0 0,0.0 0,0.0 0,0.0 0,0.0 0,0.0 0,0.0 0,0.0 0,0.0 0,0.0 0,0.0 0,0.0 0,0.0 0,0.0 0,0.0 0,0.0 0,
0.0 0,0.0 0,0.0 0,0.0 0,0.0 0,0.0 0,0.0 0,0.0 0,0.0 0,0.0 0,0.0 0,0.0 0,0.0 0,0.0 0,0.0 0,0.0 0,0.0 0,0.0 0,0.0 0,0.0 0,128.8927335640139 4624,0.0 0,0.0 0,0.0 0,0.0 0,0.0 0,0.0 0,0.0 0,0.0 0,0.0 0,0.0 0,0.0 0,0.0 0,0.0 0,0.0 0,0.0 0,0.0 0,0.0 0,0.0 0,0.0 0,
0.0 0,0.0 0,0.0 0,0.0 0,0.0 0,0.0 0,0.0 0,0.0 0,0.0 0,0.0 0,0.0 0,0.0 0,0.0 0,0.0 0,0.0 0,0.0 0,0.0 0,0.0 0,0.0 0,0.0 0,0.0 0,0.0 0,0.0 0,0.0 0,0.0 0,0.0 0,0.0 0,0.0 0,0.0 0,0.0 0,0.0 0,0.0 0,0.0 0,0.0 0,0.0 0,0.0 0,0.0 0,0.0 0,0.0 0,0.0 0,
